13.16391438960418,6.327265950519034,59.99940910668005
41.18040542058842,8.254743534923804,60.834019092447406
26.963681567147358,5.090114140978104,59.3248960404858
18.75892668547779,6.435829116110434,60.28739158917198
4.40762717217774,3.1455568811220784,58.996955325346946
38.48006932306235,8.59438242385634,58.27425392446153
27.2979353109612,7.496413181529108,58.886478013465776
32.25435365216718,3.040865367237327,60.451309403841954
33.39365898150434,6.345148729817643,58.66291551498962
18.460729819951315,9.000076750632044,60.80706049375411
25.64501978930647,6.385802732502343,61.04550481173805
37.26421449511639,7.851355288408893,59.94326160063852
21.740760664989132,6.790071634811502,60.15396690045211
35.117305253634576,8.796007229561537,58.30315713225351
20.800900938777385,2.300630482235789,59.039090550875855
3.8630136087033833,5.043908296805036,59.30316623195141
35.505779167084995,4.772643341938489,60.57219125444335
28.809507120308755,5.244944600307711,59.56587000117893
4.351687757788042,4.070547435311052,47.229690221404525
36.931587114839516,5.047012105704276,61.70849079380362
37.75596172737549,3.8862013139446487,62.05667122678656
15.590733081789885,7.478467651154671,59.399812918196154
23.64544078609831,7.233181756566046,59.99238176977478
45.03572406159852,8.973675488318236,59.54219452924553
11.665446799545862,6.5396780985405325,60.21063650833815
14.72052160474012,6.756167624574675,61.2809644708747
6.9423067773897955,2.629285905742446,60.470271374811624
17.13959030880098,3.591031564721445,60.37321993391353
40.82921488520701,8.138395612222421,60.14352789784289
35.14563108512361,7.060135307874855,61.798604791264616
7.534103662462165,6.87083388481019,59.86944387330801
10.976968752131327,4.531381276689277,60.28392607696936
36.44003569475778,2.963993091363058,61.264145601631334
3.5984338151846558,3.640497865381999,59.567183595398305
44.8779264247677,5.330446858760656,59.507595674503314
22.922755941378718,3.620830731473898,59.85453742677985
45.80070216175311,6.2584011630873935,59.90844845042096
33.70873283595284,6.16390024333708,60.951278264422584
31.939628727985646,4.711687072583169,59.70297124694636
9.242379590720773,5.891653545266111,61.84801132387827
19.24918663264212,7.3684238491985745,62.109173459329
41.695248473349196,4.940064620558848,59.95012877235529
33.68730965674955,7.329921337406619,59.546674488465285
16.699522610483235,3.7741063434772126,61.45688175266297
14.526773744053813,4.731982102897396,59.32194601911782
19.36384363213687,2.6619680410964763,59.76110052437036
9.771524962680353,3.401172571514731,61.69144272164122
19.598563440040966,2.4492279639166705,58.682322692808185
17.38516605484785,8.937209799061526,59.53451622363596
16.6523773060349,9.117089380232477,62.227112502316565
37.394029568866465,6.491176310578175,59.631356750764965
21.355487375488497,3.754724674764555,61.32957995458444
27.850212759728393,3.289173968218833,59.103088114528354
20.93336532598359,6.2169759721041,59.06949398377272
8.416185341812962,2.928164930529961,60.03809713040512
29.834400845877152,6.061881763218151,60.63817898818414
11.696605974334204,4.457830057146178,58.899182713359664
42.53396091120645,4.621445346383734,60.14928776189321
10.364686628375509,7.716827865650401,60.171343572770006
13.206873689235401,2.657285165442807,60.419247195194174
9.407634734235877,4.610081600870329,60.871149345125055
37.06187187703787,4.28635823344291,60.41202193995132
47.95992201304577,7.245430429429293,61.02103940606672
11.267689768556167,4.493565889642456,60.883236439108515
15.563227903514374,6.945404832853024,60.118906538422586
21.784383861339183,3.53160169734732,59.84011242206595
36.61269126099913,6.32937460046815,58.79754349771165
39.08448116410808,3.2835324842373934,59.1362103906571
31.686437678105314,7.47963299036341,59.903588016436906
46.57392509510758,6.9744815392216895,60.95531927611709
42.564633747294415,3.7194994687307807,59.93939391598813
24.42002614199594,8.76061637411593,61.90910484716319
24.87574976630177,2.500954544115208,60.0619183415114
14.048182392002126,5.107071648918634,59.540586227972085
40.559860406139734,4.162005046475619,60.91376373653447
31.750138460972284,8.719366507573053,60.858700149768055
9.452473248415878,5.9878936848865365,58.37148739964994
40.01906323613651,7.845028882097071,58.59770748028843
2.8617380621093673,9.098347361432893,58.53370738961089
9.571472392313161,6.731633876497285,61.70127115600321
18.404010626742835,8.647591868425518,61.04513401545265
3.545026558302972,4.95218754110193,58.94901635394344
4.9992129569305135,6.518256613047349,58.285444649250955
26.100873338901756,9.109093313214338,61.77167345053945
9.48219210699989,7.318552554394557,58.43796441091775
40.97457169625303,7.485263356423012,60.85228044598403
47.5903969307602,4.527050613262318,60.08314747701455
22.37961599381796,8.523937637574889,59.26044509583621
4.400409066642474,7.503710236035153,59.8029354813828
18.89258578499003,9.035680119458771,60.254307410640685
5.038646500947529,6.877045882991659,60.236790352226365
7.575099963769553,2.672454342365687,57.809115291069105
48.12548596257425,7.830287522118375,59.959287442504404
47.09066662749237,6.268685374740205,59.63871801610221
13.562817430316734,5.762678991474279,60.08700944956665
22.589287534541278,5.723332935443744,59.65221955373762
43.14569711183619,5.380378439560087,58.07614586679845
19.509795101107667,3.9944899399891582,61.16448484787838
44.51203213877349,3.5098295774077166,60.47807207093151
15.112066540354888,3.4694414908347904,59.40612632286315
29.236479385658885,2.4495842226663,59.28717145498546
9.356461565150738,4.640877041308299,58.84003827942297
6.037509908952117,2.680158204644741,60.942143858466316
43.85340342276712,3.6541767890836554,59.35798955654756
10.10707630357043,8.098059539816202,60.24353339250986
23.06624932272137,8.228069894807689,61.91561115577999
12.509999424477414,3.9314430283580526,60.8292453955195
46.011079269005194,3.027848735669405,60.667302505657034
26.446471109477024,8.416506578878312,59.35916410624484
47.96049704252359,5.695633930762334,58.238988536786785
34.35769741472349,2.799544991280366,59.1227230001437
16.850369155149586,2.493302471165844,59.16314514048073
36.92286529454929,5.05703392008671,59.48621871187926
34.94608097650258,7.844995541047341,59.79488306559992
35.07319643435904,2.769386236219556,59.081646946324135
29.764130107630272,6.452436378046446,59.694940191023974
17.95124420923162,3.123087900479642,61.151439727620314
40.29179246959213,2.9204624104980708,59.877188649373494
13.348789400683195,6.045435974415166,59.88984211245028
33.119056356817026,2.9003968092850885,62.08773085791635
25.678269091239013,7.418084182077352,60.72906915690178
21.086895407027292,3.841531239076103,61.76687893364956
40.60874207679892,2.6321586640187475,59.136928766989314
30.81197793155109,4.143412115481905,61.196025950390364
18.39036021397267,3.452057606266745,59.0715945852007
19.943128842147797,6.401122512090831,60.042929025483126
44.00387414353596,6.052126463862131,60.546876960559715
45.575470499518595,5.148443765904374,59.52477526259907
29.944260322629386,5.874262390286018,60.773902005685684
14.146020903482494,7.068407194969011,61.04393596853033
4.803042744800556,6.272719674307766,59.398068248304334
33.12503101059226,4.874743674786802,61.027883339268165
20.572793544579046,4.8476164687788525,58.94010792850358
42.37269496294408,6.237606984375397,58.94821169230029
39.68174487587707,6.697032526568854,59.54739674209345
34.52222663727971,6.863157954914409,59.14101585235098
14.664433571346883,3.5950814365179458,59.85592791638002
47.185416481236416,6.330355234430365,58.81676894767441
26.621685749968027,3.007519254056116,61.54498568285948
35.51346106171427,6.253569347832476,60.36244882907323
38.02013618194411,4.6717242900600855,60.956596886267945
36.191551759336505,3.34956808547628,60.62642960729389
48.36748426914755,5.4796296943286205,60.32329194623729
44.5977011098966,5.155513780140318,59.49623641501984
15.844034548715001,4.258832092802837,59.79137792386598
40.67841927326712,6.620842824877933,60.43941071356306
8.552585201290697,3.1747159583313085,60.77778164372134
16.248795025328228,7.142922465449142,59.17700076569668
2.7260327483554647,6.001357285234968,60.08643601068732
7.886310017144943,3.7715310771354407,59.798482567310806
47.64274818840515,3.5667620237899347,59.339439836323066
3.750325381559993,6.600431007832884,59.52725484538025
28.538764862924705,6.090355750390103,61.13891538866439
33.91170772747182,7.916980987226884,59.4007198472998
47.50814271196525,8.156685292774679,59.34132028676963
17.428515653011004,7.621248052994187,60.44230154209191
42.97534906791031,6.476569263430062,59.753406175756766
20.859413014538248,7.821613171411925,59.65667853792424
3.3564835202952352,6.284738378110019,58.39284630873285
19.35052261546613,5.513790451052894,59.4660626639415
38.98708462592215,2.6997787324290172,59.88230447146164
44.8365458243954,8.334935866766209,59.60021446079614
11.25586033184851,8.875819685644014,58.73877825907655
23.43651636685761,3.455096072838475,60.64967876913243
2.3622482145714327,3.018760802912551,59.39754953546287
46.138713243281806,4.073366441218722,59.22863870416534
3.3187867220296496,8.059474612055748,60.147938805851325
8.62028294052162,8.578885636591222,59.84035548268691
41.51645695248355,4.553950824451699,59.84295706443351
21.793687785296964,7.489752162509035,60.663191989953376
45.67677057622545,6.816550955017801,58.487605778087776
44.793937299550414,2.9421749163869677,59.09694738477686
46.6417530953211,4.520130581335648,59.40582332652904
33.36802419112218,2.6822201617923445,60.19785392291062
40.50831620694322,5.05692730616831,59.47097823219008
11.551049010948958,3.328017976333432,60.67598708075878
4.641823869724973,5.3441771641097064,59.88151709000331
20.08313676692717,6.854827569789395,59.494867954776694
37.78739993744803,4.654061673208163,58.99789090195961
37.573661573629195,5.247664081074851,58.68512057672607
41.73789286935306,6.563832045751508,59.33703199833933
11.917390174796587,4.920438137206531,59.46907443232628
39.73608833802028,6.685125573511359,59.990617168388084
5.999110902035845,8.533892779824775,60.42787694265162
15.452158892906112,8.566607316837167,59.3839248696898
11.385104564059127,6.614341224327797,61.53062650657164
40.043585802206685,5.731532719770291,59.73617811183048
14.525476209536386,5.379512095108149,59.65496532441792
38.76104129197902,5.050674873793355,61.13300883186763
18.756586979834776,7.770145693243876,61.546045127491396
13.201524417231411,7.662815794799674,60.31192297501532
15.665467339657013,3.495269670091843,60.41936008035053
14.704681657097055,5.292693498780711,59.81276807137403
10.299811769910399,8.07726845174067,57.96427412437602
46.27196040815929,8.93286572440632,59.480929696328474
7.998086596609731,7.585379768438571,61.003699172412354
36.24612005981122,2.9090451172278327,61.58275186610364
27.52622468728435,8.032005879681272,58.1516713253262
45.74545860848427,2.9050295821874683,60.249119374192105
34.19777686416909,2.8562587279197724,58.78902697022403
45.98841945130047,7.044739535169189,59.26693035907013
41.29517546161577,6.762595963765052,60.167061236834684
4.696022415778472,8.817544575652033,60.225801311917245
27.342717360903528,4.524576863607269,58.95680318936321
19.32827851986807,8.009440143493794,58.10804639269867
14.516053943430975,7.165344953768046,59.4514054540396
23.62152187049349,6.680165549303543,60.15443482628642
39.79071741914913,1.5658029563800915,61.72399494884043
31.35946916666332,8.172224283374664,60.446803701335206
7.556144357413295,3.1777322602160294,60.58539310395925
11.271732363856053,3.870054454665662,61.53005662460689
47.48571916550695,9.020677279980179,62.140341814035196
10.094725182646663,2.896026148175611,58.688840078302675
33.567001238688945,6.038188608018453,59.921888381757945
48.46860330164324,6.239258093419364,48.75210385311981
30.16711025670931,8.150962180754682,61.22798143436526
15.578727714604177,2.9746282477092247,61.4279462242663
21.50632705211841,5.575653981850651,60.6344857199029
13.469700947716568,8.417256999500712,58.62568701827331
8.812102566993651,8.424852816678563,61.41200282848144
16.905787604886537,6.930858159570304,61.57089906181808
38.5463679736532,4.990211122797054,60.296025740649846
33.59776014853665,6.933259822229695,60.78500409059838
25.438230972558518,6.7438200162095185,61.17177179662038
33.66823414063994,5.434135257262858,59.369423754856264
18.939048892131876,6.531973484427639,59.98229016150305
37.37604605226204,7.493968117510735,59.82103914247597
40.63530494911464,6.801162067642221,59.970776868130095
39.03203582502689,7.4693580611496175,60.912299911415936
11.124772645857846,5.379521834117655,59.324548845691645
6.891573044954235,3.7859646996701133,60.14500727757141
25.31844425565549,5.157542662630107,61.63185611658139
8.53983574106207,3.0063135044660982,59.70576151351943
12.964033436862799,8.730490696323221,51.40111143422006
33.60948518914064,7.871870870023716,60.897128544411515
38.66748019583613,3.685806550772397,59.77659918904849
21.849722957135935,8.725765091100579,60.18747355893436
22.779406944518513,8.590855392016957,59.99426412675643
6.210453205855828,6.522064282008025,62.40856155349904
21.85863824738397,4.713451122957919,60.908197844079204
4.3395968905739295,7.735594457324288,60.462854435243344
7.617174571313541,2.8066876084725503,60.4404308280819
43.986543207590515,5.814413833714134,60.88542609288482
38.022726133756464,8.871354301764258,60.0464804774819
46.212842140426496,5.164256587001924,61.65699011324169
37.26679524747718,7.205496376427108,59.75129389847301
32.79910578144571,6.021856308499367,60.09361070246359
42.64474740189285,4.560939878788769,60.24108031846471
45.87072413462948,5.5148768027693436,61.34811828701581
13.90473100028779,4.9903483493332015,60.679850710742414
48.85123662725259,7.277171943946418,59.40077376662797
43.8446068816684,6.967152022416069,60.548828268178426
25.72219663028583,5.545282145899312,61.058969447323236
46.550968978353495,4.014272486427483,60.854392375092715
22.349880675766208,6.483450675379142,61.13077289839372
46.086533733247606,6.02247429228899,59.589966639611205
47.943596013851646,2.888947832332975,59.31825031396922
27.48965624717639,5.892878143006447,59.43504810540039
34.15792605187106,8.478516965779978,62.094074482979416
38.825881045842415,2.7216122385391492,58.72709167770457
46.38414509363021,8.915911178398021,59.44953296527829
11.533138949993237,4.7455107073276235,62.04956148584341
44.3029336360471,6.9474481167986655,61.59620140074169
5.841750804302016,5.8788610481736985,60.29826515590401
4.593294707218405,5.906665978894578,59.070969455971564
28.52277948205944,7.066365500731065,60.82026462025299
8.484533214580281,5.458434304317093,61.18555212515043
32.27622722526391,5.883482922278138,61.344394865680094
12.266044780701904,7.69680126625068,59.516015927508356
28.347549813151065,8.009275515460722,61.945185218460495
36.04714563716623,2.9420450349119536,59.82619006227624
25.090156291123417,2.3240859574348796,59.30114879378402
37.35174023886458,8.082610097303435,60.046631178705574
3.938265700777492,5.799006371827785,61.244522243664505
45.45403060903109,4.446263132031923,59.319697314299006
35.29967908109781,2.8557692300560404,62.28952936606535
12.713785973624162,3.357027783856589,59.03410847544076
26.16396839265241,4.95901787944406,60.25545158131656
17.45841453418808,6.063736251923504,59.393283339514795
39.50066277834566,5.176936109347446,60.15089319909227
36.34372515392334,8.074413211371034,62.02884604477216
15.992526996317856,7.252711714398945,58.979878335250994
22.453214230738237,3.8915576477693246,60.567959613773446
31.160285108649934,4.2713412548099,61.5171802251424
44.9262895523048,5.552938882855695,61.04013149869077
44.20878893940178,4.557880640881574,60.84846358824944
25.825010819830066,3.4710335921585136,59.62990021373521
38.06477235281969,7.828895016109282,59.36636971010335
45.00782893134826,4.960805745758904,60.07404960781678
19.097247096026095,5.861515638304118,58.65318893504683
13.36475256291935,2.3575171181778773,59.95741933950597
23.407735883400353,3.187940738777803,59.59439225655237
4.48340980346191,7.53856851191518,60.801074838241405
40.00408187341983,3.1876598599578823,61.26450032669732
45.30873609982717,2.588597080645161,60.63475490947672
5.875266255801783,3.7446350645669737,59.570766927426725
15.000114998330105,3.8872989016375463,60.362784265792946
21.862178327803175,6.9049372239194255,60.602445526518196
14.80538894485499,3.548067371074656,60.441112583924024
0.7269377731132015,4.841362009451386,58.17318235625793
42.968440783493186,3.7499079754262916,58.37229116605887
26.11875913420876,4.20137159545436,61.33174021621629
17.55558399700096,6.6946510983486744,59.1986314936966
30.22749478629706,3.232801328258936,59.95399227572684
9.708580808306628,6.654254463633178,59.1854760812713
9.89418822073695,5.172918583045068,59.767462592119266
17.221491583903788,7.382660777645954,59.28895889063124
44.84358535817781,5.43169971864365,60.16151296905534
36.94304615502371,8.03523596433915,60.28702795469064
38.094498640351105,7.6498424648850705,60.316548737689075
20.838978651135744,5.369039870115186,61.02673902398101
14.710589308056221,4.252603418418029,59.78134639969086
27.17085775833204,5.149894009205157,60.58528754113266
28.874831295732715,5.717738157395572,58.886841950622184
7.131163816794341,2.8188747431664583,60.64823974064169
20.240428059806003,4.099724452321894,58.16449891422127
29.85197344844935,2.7078017530944467,59.876781821127004
37.359399220760125,5.908425900439039,58.22225540048894
28.333616123615986,7.943733866589068,59.51722530791948
11.398709080217856,8.999977246992678,59.70691149017109
5.653705618117947,7.10455155476913,59.445195350714016
42.68797790680598,6.926153160107528,60.068950868641046
13.507310397377125,8.695484829496731,60.29808764339424
31.000379302940384,8.547924096536878,60.053755296950946
10.419826141320186,8.156781648101258,59.15739294619825
27.95142633097513,7.256532088167857,61.84725022584592
4.423965818852763,2.7656418985689593,61.173134064864165
18.223261586111498,3.1408425843229937,61.78984075347945
26.90453382362306,2.314456591656606,59.06527560624412
11.700308983640745,6.253052544256191,59.74161352237837
44.910628856750826,8.985545893206275,60.81229076745464
17.75146901996187,6.933577233382623,58.18340399368304
39.83842770577501,4.395295622557239,59.593202980440736
11.208426149142,7.718026794230092,61.1226801565335
38.571587585248054,4.26127701894838,59.062493516414925
4.932291505325331,6.030864462392375,60.23914281397087
48.390493702434526,4.775520168645189,58.35434997851683
13.431448076505454,7.760874610278273,60.659341936819565
47.11889312943256,2.6806246629956587,60.333176141298374
34.494455886015004,7.473650960455558,60.03458753855754
9.855243367434781,5.357292191514338,60.382017859358506
35.8086437759733,2.7502059518577417,60.263093942826934
14.130949800872635,8.516846496204334,59.67534711953603
45.64312664759625,2.6769600402193565,59.548648990099544
43.96129372050139,4.0357546597123335,60.02462161564805
38.70773049218462,5.407423717243986,61.57840826097723
12.497689507884282,6.600997999594217,59.37357530692375
39.13915974380254,7.162123281546667,61.30150031828951
23.386423464875268,8.463841087366163,59.04695622500484
40.356650771289885,8.180868894784691,60.32736255825084
20.071024381085724,8.495587067815542,60.27906299614641
13.56642486350902,9.187873606581679,60.84282328977412
46.3122188963187,3.494293720011307,58.773896497697436
4.318948167562787,5.989060359706629,61.130589374562376
1.546948508035796,2.563345711657713,60.06652929641706
2.4461293317476063,4.149828478375412,62.16124235783639
34.67856420884769,2.345087581063786,60.907147256095826
25.767833809474602,3.896959792092312,62.366579405393345
38.836095711792865,2.742893810563915,59.02805667733749
4.59872260458198,4.0510898252379395,59.313443474423124
20.804819120466647,5.701240788355026,61.45645264431197
17.812794552354095,8.798775972714141,60.94554570312495
26.697477380377443,2.5129402911999845,60.64622670838239
44.287242768434446,2.657794871331614,61.134210735063746
20.202554319160367,3.9924831512695294,60.49968174841157
48.30250377964284,3.288259181682708,58.744720390588526
28.611102375482453,7.622826157186705,59.519785847824814
7.187439409326714,2.965599346042443,60.231165025104964
34.64456723997154,2.5008053276776785,59.7474720830737
26.003782407191252,8.577978422155333,58.45980572986269
27.096324997278614,4.910673782983331,60.81421098190217
38.86965767601275,4.823788446601234,58.92123867958427
22.336538516646353,7.685424518395506,60.03381810496192
5.350793887826754,5.910701673225562,62.12630401076215
40.38927790481522,8.624385987059455,56.036411203003524
11.038217150874793,2.961510197171962,60.57224127636598
25.701713715086328,6.578053058189521,58.49000652413192
11.937739184394133,3.300171624689609,60.84055612717336
37.64408023690043,5.562254298193366,60.700158405353406
19.118663317239236,3.6397265482262635,61.589127949988175
7.218448297434939,7.620702636018821,60.87429088121302
44.42449055234539,8.925226144882998,59.93316636768126
5.1219192964053235,6.737712415662641,60.7206247901873
22.700187152081874,6.554775538489874,59.25518549242688
18.835973314046633,7.778568413938503,62.49555235036668
21.729744777931273,3.712536116763166,60.03732634922196
34.96644861660352,3.529616258319718,60.061048572509236
15.286473432055963,7.174610602581381,60.9187698131977
17.16639780048435,4.799185484237206,59.94148886931452
48.213294303602595,5.978910720938334,58.42648678679555
26.29202528612355,2.687283934666258,60.64527952723166
29.026057214091527,5.331351940355592,53.020974551912374
35.01185211145728,4.416883266871128,59.33933942691778
42.98801781540316,6.837726894840227,60.23241242965154
36.11032166924712,4.160258292222267,60.198482478157764
33.840351116524815,8.482794189032827,61.083326063717514
12.59311312769593,5.498875568514261,61.33033245358925
32.796779465952724,7.165579693465358,59.267080613235066
38.797641277369245,3.565141603425183,59.95037736758747
9.30956337162634,5.008644279484907,60.246674485440316
24.673310519140372,5.0415652293281115,57.769319012184
7.669605534639793,7.646402541772504,58.87626973776421
14.689392237907498,4.941943285006065,59.73507658743391
32.06906092733601,8.703369187076417,59.27496852119096
22.302117773402752,2.5969931610794648,60.07197500394775
26.256408049729625,8.026458388802364,60.96936566977165
47.206980147596475,2.3422051935846793,58.78389030909354
39.51581093192283,9.027581106545863,59.63618495070828
25.599262142730566,7.296370050810797,59.348014251194584
7.384819869138518,4.648230021420672,59.59933071415973
37.25629887354676,3.2557139026612902,59.55945430882163
4.02339660020305,7.26339643881528,60.278889579844076
33.492612204865104,8.25390706415271,59.83044645220078
18.252170806583663,6.505921842571446,59.774439668277246
9.783205241729434,3.6800715782118334,59.613728532823856
14.412445852329554,8.879301567654105,59.718497833461576
31.578310147342684,8.605226678368794,58.545043306661896
11.87954916246592,9.047923593706265,60.05114920180607
39.968167323618296,8.886071340294087,59.496232848604485
19.779684750546107,5.234538620433971,62.03308818969921
19.133496086751585,2.478718285044463,58.77531070221413
7.805356324075497,6.885715131562729,58.379525419158064
32.76255316308837,4.685522826026644,60.34703822152842
48.02979451108879,4.825438015617497,59.453294389528665
31.906502310029133,2.5678715754153623,61.57536993964893
35.45829322183967,2.8296673722878447,59.30180708573682
6.657968311677443,4.325213339004954,62.2357443073318
15.062644193874526,7.914457368407801,60.93255474271917
18.188708803704483,4.309276837990879,60.240580021451144
9.291908936889534,3.0396164602388067,60.65949968999099
3.9978361958385094,6.6234723050461675,59.424863375715766
46.74908785668788,4.1749252856917485,59.29806091113173
44.52653646999453,6.35390915314198,59.703260652649064
15.3387627387971,9.06299472873581,59.1659305888331
4.2504593593923445,6.949600276388452,58.89169279747345
26.30551671226044,6.590369292708159,60.81355103985355
14.697944501561857,7.805145473128597,58.76418910194567
31.573452964558815,7.127309374572504,60.91566160450973
34.29775650227077,8.189193202634613,59.85268994300465
10.590004404375932,8.267268986429286,59.4058871048184
45.315502246065215,6.24195607881013,59.340120037453985
20.68023889806977,4.076480717198569,60.16725643738291
3.514610587892733,9.138826680573047,59.646595048158716
44.19052542409497,8.91908392230263,60.275835669059845
20.471843057111922,3.1938819178668347,60.64491723931505
16.466123269889586,5.230542853826212,59.80086806658748
6.536603881135989,7.054461629051634,60.6741011577209
22.051423718646276,7.774448290284294,61.446270527970896
33.40733952919062,6.170234653167973,58.44517987522109
11.289637018764374,3.0916488554365005,59.31524036943354
22.839111632027993,8.442395894691334,62.09254828008851
18.061518753926464,5.358615030163644,60.29568291263103
11.44875846205418,4.320539880454992,60.5691538661956
39.13766606842445,8.458106511315883,59.14613112385083
27.937241599555488,7.9636051772849346,58.67401298396481
16.201083604644097,6.401241594613515,59.7774013299844
20.833950912007776,5.683747482043581,60.81405914432653
29.752843523087346,6.036815332519316,60.76061618503084
13.821793930505969,3.3101220470582358,60.587378339714896
37.824151201494395,8.77278068387583,60.4504625688345
2.5033564528748045,4.073534533017027,60.96981403759091
23.538517622072888,6.63192091360481,59.55981822732527
47.432723333535606,2.9110766770931686,59.37902466420293
25.258864247283103,8.164628844799603,60.00581937236933
26.301699418191625,4.8177285557137015,61.47727721130577
19.494666489875073,6.939539758626539,60.42490573195504
38.628921462153684,8.780338418417225,59.662936597526745
24.76501872227164,4.513017253386896,60.900261206782034
29.63550930278025,5.629928771993114,62.40166836862656
18.231148882071736,8.7629224996119,60.61179308953925
25.15326569279707,4.150718932805493,60.942896861054294
11.95064589214158,2.3577512343667326,59.86759235882669
46.06039604505061,4.5313283993327325,61.49818355562584
5.0127496637834525,5.240492086531565,57.62630396003081
2.7608957830383503,4.347460914227793,59.36557567344822
46.468055581952356,6.320909994445142,61.13331744702574
13.028635758630465,7.685024937326896,59.17023972541497
5.076598728536403,3.3878235999313313,60.49236234896887
3.3745414511699323,5.604867309519362,59.37192200315046
26.711510025949302,8.350822319299812,60.94449878833576
35.084565518275916,3.2029636068266427,59.242331231816394
31.717809068316438,8.421165497936371,58.90238432376026
13.48102784713916,7.3519247450066425,60.48762479177406
33.18711212273917,3.809890118341986,59.80799660650726
4.922358876404935,7.0537588985544115,58.88966340000391
38.79300529757395,2.66039363985488,60.06254623795989
46.39923238184938,3.734435940621443,59.84936131036384
17.716895487668967,8.52196552244219,59.71594714697825
19.75952035102347,2.973307611408897,59.75778263450104
33.83749600991597,4.205431156355636,60.67915197535838
18.33302516513979,9.036251794954097,60.435282556301
11.007812163667452,6.973826730622832,59.79672757699281
25.060622123165135,3.6712573543650944,59.56203283192959
5.243353292632349,5.909576136526264,59.54482737740595
5.979146541667053,6.571246483109016,58.129387060904136
6.154595774110014,6.198303379964279,60.569116173911006
35.802407001954904,3.4578541799157607,59.28497913892896
42.91598278730753,6.4888723139451026,60.612702940614696
29.537825407739223,6.25561155455318,61.00139043079824
21.40840055177155,8.852357755615495,60.60204240878774
31.96306555922052,4.273671214884207,60.087109901921984
36.42606532476094,4.889836848134952,59.25521135992336
14.383184510208054,5.896250109146125,60.50777362455727
40.69421643066041,5.320318599036664,59.365390287684626
15.845122494716364,2.4154436419755427,59.570489524147575
27.357555352106335,6.046392247490024,59.942013757015026
43.15781115403891,3.0627766026505,61.738675901390394
23.547987507739787,4.95168541695959,60.50975827270225
18.946521762956223,6.593298740214117,60.09218802459147
9.655074881527362,3.4652373616183527,60.696410362080634
35.4866243568183,2.7263393811973273,57.95705324184852
19.59395662378384,6.183994790373367,57.76972840718307
44.955157194734774,4.842815496037144,61.1198748920519
26.854865107828978,4.8470946030013895,59.90084833827682
22.275134526122844,5.7065789531290125,59.92341643705093
14.891154015820142,2.8140637604745278,60.80527943057354
9.246477839362022,6.2461647717672895,61.1480688214057
10.752178359998894,7.518312443176821,59.873673773114454
6.724077574634848,7.326343945820121,60.32891447876081
21.364390398330688,2.9681649708344167,62.41662961369377
31.99425858494795,3.7801669316604656,60.43822885698073
2.7951822493213356,3.584383411720632,61.18917219234854
41.85699629065393,5.237571455474979,60.82666581277364
31.225967962017393,6.118610761976118,59.86998407176458
48.772136724922014,4.995671069992042,60.80770274604586
23.1091191009395,2.4183253456955636,59.17832022402774
15.071615047223048,8.919832206747223,61.434418095521394
6.788003967106796,5.464269658258898,58.939659884076356
29.190456870739887,5.1124088480709915,61.263978328276615
30.917341395777317,2.8272685994153104,59.97069394054598
17.950109252930353,4.613254617689478,58.906486714966974
12.88630380508286,8.185403963673217,58.85896093037727
46.58301822291085,3.3784948086104323,60.76641546154252
3.815878950956318,7.565402342999729,59.76489524353912
47.49898017128814,4.421600356012544,59.95570474540642
22.427916146996093,3.907694405696391,59.01609697480889
22.313016452800422,2.9864813157267776,59.5194471480659
29.910523594975963,5.4962411403486975,60.21346944648956
15.913570136807827,2.9449830309831855,59.25094769282892
17.56305829957871,4.907069673008495,60.03477471175259
22.58325390629674,2.3835958112820843,61.7473882158839
21.616415604158433,2.511128449286718,60.30003640801376
41.32136834499802,7.009512087394874,61.42953122808506
7.2642221153935225,3.0217928487650987,46.35981024060506
34.01424606653448,8.967863961233757,60.240993747518665
13.138564160651171,6.833891967736016,59.49752661392471
18.832952815242752,8.947766593616505,61.07565807609487
36.95904386357481,5.362281026002385,61.513233753808194
15.926783963610205,7.789305786143319,61.15658062196474
24.122135256588223,7.968035876554616,58.395232873123
30.459626721063312,3.3041464437550108,61.379009126457504
25.147401802655597,6.465950671141119,61.046715828228315
36.170479922526795,5.2493284382102186,61.31042455513909
23.481074972546658,3.764527392081541,58.53472643217201
3.1529346760891883,7.238191800785097,58.34180833473967
33.63337980220252,5.902011072552902,60.39505438343085
47.01795394942935,3.2389044185686586,60.35950297687654
19.78529002528845,3.3225745581987858,60.20078135695172
27.34391011116691,2.4446317908088053,59.31633232867123
35.28887111164619,5.578621718507332,60.04602258069474
29.565978139443235,6.851127568521089,58.63078945315775
47.23982566652037,6.086708894836269,60.75012258466488
17.285632724968124,4.599764865424669,59.404191280910155
7.001641712279039,8.306600298568483,59.87445027614805
24.878978816390514,8.610846982002101,60.10666802851774
14.810213596474952,7.320524584576304,59.488251539050424
19.96302346869448,9.135114953995643,59.356175664324056
24.451508587801005,7.8535364884427254,58.71280554432582
16.664394996670964,5.510420535589123,58.71870707386183
17.09173193059287,4.362175723313966,60.86368430621407
47.06472222128695,3.554086627924989,60.29047694505446
35.550168694461185,2.9073426340416515,58.85952396967255
39.058617990367374,7.7087544760814115,61.63275487952624
33.82381122872519,8.523746263044934,61.2722178986473
40.452098068660575,8.107160696210425,60.14699167065875
20.658019272251476,8.101560272847205,59.71031902084954
7.420852009978688,7.877032146552866,61.04762609582386
9.79766095252301,4.460190414802748,60.71675763293371
31.07271384417755,5.866247804312755,61.74945486855101
36.039638380387416,7.666967924409585,59.482441948300774
10.846334623338542,7.384600670939537,59.1836512959894
6.712531378985742,2.385925345015671,61.57713935029523
20.56105774697229,4.2840842009665465,58.34817165110821
37.122226027409795,5.605406812312619,58.96621565661918
22.664013841883307,3.7649062589970024,60.73954657399958
26.025151034455657,8.965814394284834,60.53955282802297
47.44429214428073,8.995434733741847,58.87879622653006
2.584853578393293,4.916230797652219,58.63290789643407
3.8340629593948066,4.8811656710631075,60.460845176910624
46.304833587016056,7.848460499557392,60.81142471315767
11.272574592041003,4.463203903752446,61.192661276061976
14.672366109817695,7.080726341657191,61.242255929899244
41.64299241567719,4.102992093292761,59.710792784057304
40.249889380613745,2.582144632131027,59.381921132629984
8.500052186669606,7.975087151534307,59.015225703734956
15.280666142611189,1.4264013131479154,57.24896906049897
5.776543307020255,3.278357543281609,60.06912345189838
43.23977600611035,4.699744157081749,61.25058665045517
11.838238298402565,7.415038013936235,60.265853500326884
41.927775156465316,4.708586274260039,41.06178310799264
22.755983438567664,6.9128032261364,59.327834166711895
10.415657771838156,8.715645167206137,60.617191427859105
20.064516950720332,2.463623745871815,60.412705486322686
24.34744157836447,6.281159660093021,59.773932984235
7.168428611061444,3.780715821943523,60.48356313428576
34.51742108632154,8.3767140905018,58.61801529816245
48.517334596633845,7.47852442309042,60.137213890474314
17.720500078522225,3.463639585870187,59.51011900684756
38.10854283933508,3.564522538651195,57.32970885687514
33.39192312394537,3.926064163919288,60.69048468954901
46.40064374911875,8.126167673683318,61.318288235280164
40.41775562923948,8.596684371850827,58.815263876649865
48.070335657321245,7.57778811405538,59.932395858244945
6.198635695312852,8.577824136670461,57.61898880056173
38.98669701712376,7.820342236721255,60.52086318562015
39.4025700276716,3.0104162508125816,58.58805973296955
30.314900417188483,2.4963712780503666,61.07604960435577
33.311449356086676,7.4850112196676015,59.966283478096884
7.703083671069841,3.5244324410765753,59.38448799657916
14.063672494999338,3.9432677384457517,59.96701992609286
34.26069501764372,2.5899610003313738,58.94279973737686
23.469731668274008,4.537822301974922,61.42525660106376
28.92513874336657,6.406325258776279,58.87694899444277
18.009750617758367,6.955063606612199,58.583540297264776
47.552164226375226,5.519913540450084,61.29629661922918
39.81439068045855,4.64230046625212,58.674606334569454
48.190872928451824,6.166504320808671,58.74030951822156
38.42747167766553,2.629444822939198,58.84794349255103
22.692966898878066,8.76323427845574,60.67824275659629
7.550955583705239,3.3228327928664587,59.11946045134722
28.544325757874347,9.122992183018717,59.482930303664666
7.15484336791345,7.5712414478465915,61.02951427437369
37.99393155575831,2.899703293274663,58.87977084457758
37.43585735096797,2.47374854800685,61.35730487872534
21.458462429690368,3.362082659509035,59.55225337394394
42.01410935581862,8.607914674653525,61.48542203147476
33.71177306909562,3.8503150961803856,59.48813902094336
21.42344760757581,6.825004362108924,58.76768578138582
26.381562254784583,3.4564925329478955,59.57474276071981
39.58980366957815,8.8570317432935,60.347694366426275
39.345755168632145,4.796985700518242,60.8007518286089
23.78726977052966,2.637938164666804,59.9093969578374
21.85855636440442,2.729985827785411,60.6756815560631
29.897165001664355,8.009110431801474,61.13815848284383
7.519799441928662,3.615474248171478,58.99639165120757
31.609924898214437,8.776748287694534,59.00919513054078
47.67879684539059,4.866202313290822,60.039298188822876
15.615130319867419,5.899306081599461,60.90368775349832
41.04334066444462,6.219342906374414,60.03165429055575
40.809276026397754,7.566125963114383,60.48141184268573
3.6309497025613595,4.499603810792581,59.9117225447235
20.20255670942971,3.3477594821023806,60.09403554656384
34.756270449783855,5.66471293369689,60.10729758928834
36.89602205715594,8.865104607432816,60.70936236430631
17.57161851105946,7.513387768302421,60.75107279475725
24.338735012261946,7.699767453898089,58.07016645792237
42.00681127489276,2.4835313138477075,56.850826825357984
21.50603232198638,6.342041850859755,60.95525229682244
11.420226583791667,3.4127458962979578,61.34643878918155
26.83956481174048,6.580997106633399,61.14617266225092
15.383085120051959,7.175263436841881,59.200098069095
43.39382401206114,2.713789348130521,61.64581962647891
18.41393869925122,8.40331032283162,59.72018541893683
5.752582463043893,2.6325895709072125,59.00899809751854
7.340215994351212,2.5117106484870786,59.949596342793
29.21969298614257,6.087333412442382,59.736306120823464
9.911738509854374,5.0480229430117305,59.474504279902426
14.692467692350824,3.53912580463006,61.92599763480187
37.432389454080315,3.1294616739655914,60.5202970438386
7.442156196299706,2.7356032168886775,60.11106540009872
48.07836863243233,4.223068727533794,61.23586811356028
33.05899927929868,5.802355526254681,60.36069128020761
44.7110410242719,7.950838601089575,60.420361877635116
30.823173762227807,5.886725500555218,61.140235789256955
26.214402245391234,5.8829936305741315,59.30215489425112
16.274144295542094,6.142551123202647,59.12824247541571
17.519462363980068,2.270074845251753,59.82597421783868
15.832333463833756,4.183211719799097,61.21447851730708
5.538354010152844,7.042352409096293,59.861644195388635
33.943571068107374,3.9566440855016296,59.806669929497424
14.120077709708568,6.643468360696088,59.16590666550238
5.933064146959815,6.606848810517679,58.662691869230386
20.872744769989783,7.007500825635599,59.58513259869765
11.28090936961621,8.202405717571661,60.2999913640697
6.9434284145898815,7.479235293529601,59.7979970365921
17.757629507964438,4.1430791682669454,59.762137746525866
43.62459333706395,2.577328297134809,58.85749080714312
9.517452542526264,3.0596945622606455,61.917027888595705
17.213271450642285,7.131851882192166,60.30957792286379
35.189620026350724,2.426338446462159,60.59747158956814
23.715961145707166,2.6478797305887127,59.27947057681801
4.204965025951239,2.6788252208407415,58.852868401194165
37.07480565808409,8.764637763872067,60.00493725059247
30.81405969774025,5.33670309714559,59.84975273011843
43.023477536198584,3.196959165088871,60.80835070174526
22.50763496355742,8.21909297166125,59.60705014719313
18.053360421582955,5.271870891476382,58.75008403285105
26.428353577966522,7.7555629978896885,60.47820219210976
44.124149038680386,7.717622695807364,57.41885821966752
19.90474944886001,5.575750575974019,60.49716601380092
29.570021350865073,8.617317054860564,61.25123617348436
39.577904370947365,6.514403393740416,60.316990353150004
33.5154719936691,8.19592357932828,59.83049931469655
7.244855163592867,8.190659932080106,60.496061314489374
7.809686970921561,6.881464404505407,60.11973447062854
47.526900261378906,9.080452831214036,59.04985395221414
27.463103809915193,5.870724451934038,60.19835341784999
31.56517111250627,3.9709653920596324,61.07753017006513
6.1811700363705455,7.959518785191523,60.47008611561688
7.660972024874859,6.805655344254154,60.226950564217645
28.852146867941485,7.588758380115841,60.517955442772326
4.320932528940098,4.6127085271350925,59.49895370469016
13.515689465539054,4.663668379691318,60.52839097555278
2.845006971143526,2.429381211411779,59.24455723800583
38.53218416371361,3.791443551144479,58.701006825649586
20.107426329548176,5.63719322716312,62.01683033852113
43.0965180535626,4.302122906593528,59.981398749312504
9.968050874258473,9.13634122079926,59.60004746468722
9.491899556417728,4.205552949088637,61.098036897246416
11.811711360860926,8.900825423138247,58.92617134840087
17.73780954324016,5.8940812189226985,59.82763476085565
39.941337221607256,8.122757119349618,59.28956526883293
11.799207570472475,6.314025738471049,59.207489355119414
33.67296954836169,5.551396043979163,60.83465549618834
17.399420735315086,2.6008764916383478,60.8492853626385
2.8307002035682274,6.932645910017349,59.5381293315726
34.7267697565333,3.4579066144963932,57.45785608786284
38.16076020569717,5.994477966770342,57.98321791540065
26.36208206351983,4.953029212192947,60.20987310622302
30.131645549373072,4.184684919921206,58.22312531193286
45.65803726198333,7.780108200715737,60.24908357272236
44.655999612498576,5.688083555538261,59.97600388547237
45.20257524697138,6.269028856438121,58.43261915618947
46.176805094306935,6.82011612667322,59.485931776062756
40.3844641287096,3.0885483649583767,60.99954609001573
4.440643697156823,5.930099193697206,59.3388911623316
36.57990725804497,2.5737793287540827,58.06137345700897
21.23752798807398,7.828931837144613,60.114536756855344
44.63005623681103,3.953940233141397,60.74853109448241
34.56326497106533,7.046652540175643,60.05997203857497
32.85190880024449,7.188678832508394,61.673456559549344
21.768639438267552,2.3414970918125158,59.96511530394535
19.787164945243294,2.72669525514429,59.02010595665823
8.798896441261014,4.795097131747843,58.63964453055498
31.447797639331352,3.3177470378261633,61.33667330665413
10.029588585783863,4.600797321041136,61.59254764803059
8.637516328981839,8.111372539600687,60.78832880386701
26.64387639216428,5.748123174650753,57.97218332883467
47.44067478958047,7.489784267027251,60.29627750948915
36.614620378125025,3.357393395009776,59.60704486239554
34.19830906746455,6.820326021417225,60.8041177141385
38.869605411094085,6.611281708740576,62.38672888614876
40.169640906441686,6.3018997517654265,60.28528668896307
46.95004033876773,4.40301927399658,60.603855422224036
41.38845233425711,7.23079028197818,60.8483683810535
25.513831990997968,4.561329373643619,59.599150889318594
24.028453899893055,4.404048598267533,60.86848680804919
22.254957790213773,4.463482415442653,59.54790713492177
28.38562110878521,4.376819980341286,59.56571829898498
19.6379506910424,8.010472773776627,60.760195859513
23.17553464103397,8.987741339191505,61.24421110776627
43.49536279795592,8.857564242031957,62.15446729895148
10.816861021219594,8.550731188505111,58.966322424975374
48.71461032172408,8.87558571905296,61.82173766339514
40.597732524019726,7.99979565472709,59.36313678881019
11.453613551786624,3.25763288076777,59.73219602261111
43.85104323785473,7.381530653975663,60.167363021421856
20.993035875793648,2.453008182928965,60.5728813110266
10.46813880063928,2.902092810254727,60.86635217910756
7.601508561226005,7.711135606133847,60.302296731441544
17.228843623802984,8.784872295778818,60.86999307821522
28.092684995832922,2.6184339483019548,61.77303629279249
5.78506185086114,8.05324518541028,59.9447978205445
36.67779644492355,2.762425725676089,60.94584319483281
29.497752421249945,8.260000672686335,58.444160600600625
43.420391812207626,4.133114992582498,59.70638710923011
25.678970423952304,7.981874700298597,60.069311732072016
9.861195469230722,3.067048783881295,61.88021074170519
7.791232373181693,8.32804852394857,60.69459373137797
37.640384633910195,9.011082062757437,60.27811737197012
22.01230765328902,4.3586541051232395,60.69931491074237
40.22482125399155,9.114877458515416,59.65053862858361
18.286432811641887,6.29708317519141,60.521580521240224
18.57998616570062,3.355938416709721,61.1512214508973
24.3685727838128,2.831924692208646,53.63243182750168
42.55668541796617,4.294423214283372,60.80196314080725
20.98380772028549,5.090167834099842,59.67604833652992
13.585599242917581,3.5474201961354552,60.302779838015844
11.819692844503642,2.5484703076968724,58.860041058197396
40.93659171488931,8.261197982443555,60.02077460857905
11.54396568088066,8.9924693940537,59.41981369985779
9.656603710429678,8.266939773552012,58.08426340500323
24.883385690210496,3.164233675244857,59.913217991839154
22.808221685532367,5.886812423115556,60.830205499341886
34.99891816634215,4.637948059559749,59.115964279587615
42.001498798785875,8.647648023848749,61.65151833748967
44.844866026477405,3.851193043999994,58.58329814263612
15.762298224018636,2.8369052928982987,60.354795823717126
28.012536415661714,8.172554466524076,61.18742703011284
16.415407521707344,8.792999090335954,60.08231824210424
35.852803235430166,7.790245972775971,61.318779944802394
15.986001531503746,7.233976187669921,59.444397131682294
39.0112130006563,4.598083605224344,60.723792385171
32.19653373151243,6.730866155807253,60.87851049046056
17.477559075128994,7.689395720032594,60.945437173019045
3.010980556607045,8.30038877868213,61.100801929255944
42.75743063022414,6.900303519457116,59.821445310563554
29.20216426635474,7.643640966524061,60.81980768416189
24.024580550186016,6.562003767647425,60.50208681576512
34.85138548667533,6.313821176114033,61.003529966326006
20.071090899927466,6.512053411781886,61.45205740374989
27.769448061671348,9.141672698383172,60.04181123662297
20.91879372717978,4.229249827986945,59.743455421420336
43.88811786356478,6.898320597372203,60.071134936336655
35.48927770894905,6.839083470385678,60.14358486118956
8.727057090600255,8.343866505368112,57.36934054621962
7.420407205826521,7.014093661497336,59.731543814373076
8.901951977481964,4.803322877849846,60.05052376254503
30.422343598232604,5.007436997212189,59.000885691613306
16.70036232797834,2.794079982272608,61.36906449380226
17.47644959163326,3.2467680713646296,57.685766221767345
14.016971042807278,6.145480390495888,59.43088794493874
47.53645365530616,7.775010537496314,60.64696943797466
19.757708387018454,4.282028670573403,59.47383908429229
20.893020977534416,6.701969823651272,60.62828952894427
19.94557582293594,5.502766867426671,59.27521077825063
24.638586561252716,5.631235540662713,59.98377074162129
41.247069845664306,2.8649980542739484,59.689954959993266
20.857067965967005,3.138263215187123,60.070741802221065
47.91196141230737,5.82558651519169,59.46776184406171
29.229228032829184,4.65699305813378,60.867772516149316
40.38865857067769,6.689208092798809,61.0383377003733
29.233497720443268,6.9855355706751325,59.67959610191339
22.222007801803944,7.614842837037713,60.71306156689496
31.80750373156626,2.9870585393318447,59.58088039594027
44.84630645337706,3.9352816361010454,60.315017084768996
5.352278628092549,4.365068991785889,59.619125112974125
28.598152894307685,5.838835865459224,59.161420141818965
3.259701368084677,8.346468816316989,59.86084620915922
22.027832486304483,3.3784357783096297,60.12395034712711
34.554049065507385,5.456848253244942,60.080423347915875
36.12474087864938,3.7832468740330523,59.38876411562964
33.898083818457806,8.832586606266265,59.434834113675315
41.36064064141421,8.88869433609547,59.180507246022934
43.77530900613961,5.4696836554453405,59.32158687113093
22.411121524472527,7.672349166908818,60.21214163653511
25.350632470218443,7.732857717856159,60.742636762266784
47.06854027434816,2.7030017990365214,50.731621367939
35.92396629229897,2.8820083750953254,59.345521358837594
15.81083215732798,6.063066516549582,60.41129914367829
17.885101507439966,3.288264852100486,59.11762385261786
31.43435480743279,7.389598640952907,59.824935460960745
5.930041574220503,3.7011793975880996,59.87552032976414
14.77400610091616,5.662678684389447,60.48188618595571
31.80680576965242,7.5212144742932185,61.4401517126006
7.674304842391088,3.107905235436301,60.798625623189814
11.225145739031923,2.730650859297664,60.578391716665244
26.070316717713297,4.308281670340612,60.56199617137637
24.091458323012255,5.648671846928806,60.55232275440923
36.27439151134819,6.448287714614059,60.56709168065534
31.844832685661697,7.094804942280331,58.649960008940724
18.347223551872982,4.8040082308672165,59.29925217512034
5.482000497686194,8.991856723534717,60.08847026139396
30.988877957586617,6.694342158756342,59.24797223731419
24.959648461294652,7.966168739268428,58.57251004435192
22.619197993767585,8.150089698906589,61.12556253641068
26.3124228518851,4.419973997364604,60.158993214307266
45.69511237420454,7.732161129629617,61.241685930618786
18.30147153467056,7.3365076269450675,59.39312434464579
6.536460318834791,8.894362932437797,60.733991157962315
8.839949480358626,7.3980449838831825,61.50855064763987
13.335890659974147,7.419417548561859,62.345288888377986
18.768291038822454,4.1621218686058885,58.39242715447542
2.3798186829807477,4.159043402043321,58.537994808945285
30.729436893792688,7.5247541744167314,60.185672467718334
14.25072953223593,6.2610393913184375,60.2141419914873
28.662202308073173,8.213149343831091,59.21362844552467
7.442408636320856,4.82074056045029,60.29704175338888
36.71953026692096,6.039574253888595,59.639356559759314
47.861306579589105,8.558957698783214,59.67839644498717
10.686983028134044,2.7776454376538338,60.13319187055434
4.958731808500474,5.068961313204104,61.44089993596171
46.35137350714792,6.300863471312044,60.995591709248444
22.66588599059495,8.607657882677078,60.65778434770487
7.697836855183816,4.421199282896949,61.294826259971074
13.652044684303192,7.116347134199797,60.070508736613036
14.259836169728317,2.3012353527211338,58.70317328888154
16.590341279465548,8.991777350178541,60.53264068036222
48.580889832344496,3.1434871722246664,61.27811028617205
25.317820058905486,8.852382523056711,59.58786389866775
23.148248937705603,4.219966639361667,59.755730381987135
38.46874158265238,5.478622079298974,59.34392107187881
5.947056226331114,7.797536059488919,60.30337084056105
6.51916073737106,2.8431358957160144,61.079945312142584
14.580351803016264,7.561767096582258,59.45311456376599
30.945250909004827,5.192083665535765,59.7746468696061
7.787460327896589,7.229458717452327,59.8033837220481
47.2748302046202,8.743657068248469,59.07863987761614
13.626705363687215,7.503208872888033,58.57507219727208
10.909185987054428,2.857813524162834,61.21128227381891
29.273095773523707,5.488041776480339,59.65121754679334
42.3379221347639,5.920072028990525,59.05869198021843
44.879707180242974,7.6164583023803925,59.60320007686199
36.02147525917677,4.160958330868524,61.57832436710983
35.561806594102336,4.710603149016565,59.34041667196138
33.76983771517972,8.960283801384861,59.628590725325346
19.58976107565008,4.574583902052885,59.525071160958156
10.450147599872906,8.57973930450169,59.210007602663154
42.83193481873342,6.2872141657595995,59.93974871666138
48.841441879280126,6.396682237910155,60.03634941885619
38.48952573798004,7.082673604814056,60.39527698932071
39.1331345924198,5.161613983211708,57.55057568832236
35.365320999413576,8.928749791329187,60.90034841016724
9.893183675281627,7.578657654965593,59.636582591365766
26.643907208371058,3.746094660894157,60.81507454216784
42.363499570798226,7.637936176664819,59.115421419927856
44.09153921828066,7.084451484547772,60.967175435100266
31.678814285803217,2.6674499049158285,59.75355891456231
43.63097829536209,8.32443981639285,58.44081150250747
4.915394388464371,6.050436008882358,59.70784799004669
24.942623856487184,2.500578179444301,60.203939507309364
25.74190720450338,4.49215793045915,61.66800191667054
46.51763060625449,8.070367621271956,61.27718738155891
33.80930715382786,6.472041679687664,59.70924081016926
28.91733299753358,6.5125636344151445,60.4569321340431
47.50779781411944,7.449775711262172,58.705987692390366
16.874016164517386,6.778792537651759,57.57391398433504
21.09544177840667,8.173338544180027,60.22209272911068
29.106627810093308,3.2074965960058823,60.26671433495577
34.63655242436474,3.193462903673299,61.17023597428228
23.51410094593174,7.506825273354473,59.77908621721109
42.75401205919566,4.102521946125432,60.05034540274395
2.9365830796492034,5.170394583189196,58.9812431572867
17.355887788822226,2.7413033993614144,58.89390247572677
30.17865897691166,6.649509990651151,59.724987991266374
28.001330723661475,5.142823594429606,60.591514765194496
28.187699672171526,5.607159438911635,59.726162710079755
18.534087197409466,7.918569936782632,60.967273370685305
44.398818951389266,4.931377315931325,60.898026499628855
3.1072348299149084,7.342245795729701,60.65369446860061
21.536568903293563,4.734941103581695,58.75391382800305
24.161527571084626,6.574089047524988,59.99831539939493
25.3850022125338,7.054795672321379,58.88457721260741
23.493169060602938,5.114488589202928,57.79410265325504
20.419187392727732,4.483706385819826,60.265884907029644
24.129710821175813,5.89085365214125,58.62062118746579
38.45068847408888,5.224521931520419,60.70220886725803
17.646122523483378,4.453041419089558,59.35704812018166
27.086968803874687,4.757353344628992,60.28064363569214
23.40611353984617,6.799119379801133,59.33773107353276
40.011860593266576,5.185073865948062,60.2051403545135
5.968614068247625,3.800578463241936,58.66385650928222
26.028857875483776,5.379198429075422,60.24825455637327
21.995627725410884,7.112198413208297,59.818831297389984
14.141027969385448,9.170285269196691,60.06712444029434
32.76295893849647,8.431723672055632,60.223434653701716
37.041431672787695,2.9016217485174076,62.017967366988564
3.6641398326608723,4.2884818261729984,61.01577002684403
11.597136011030408,8.86811421115239,60.07210292605255
33.35621629479098,8.011956196526292,61.86906978222502
34.8840918632214,2.896462364073662,60.198115014563626
15.123917191759062,3.2384751431706222,58.44377493374676
22.076860360431336,5.251789843583305,60.84302878263182
46.79238387041139,7.472589602543373,60.55086361101096
4.343267078162263,5.483283729610398,59.71066876877984
14.917278931855193,7.085745105517555,59.121395472052896
21.082377692521497,6.22445730734575,59.955989432942935
45.52572349972575,7.572940442976697,60.21525344630977
12.641929607298152,6.301279162561563,59.86833216756692
47.94303837330869,4.6869276957042585,59.453412214499956
43.27861047488237,7.375679978276276,60.752321318676614
16.19935083251226,2.64345533199279,56.09962610557158
35.62653001721009,4.359052416155125,58.93692018766056
28.24431646211793,7.344411426683832,61.32725654225975
25.15372755253257,5.877942060566488,59.91975977540984
40.476580762823616,8.684815297241489,59.00186313403839
6.1013672383172235,3.0557774351378013,61.15437611633485
36.51266446490432,7.8436506168450615,60.563898253217175
41.52921650764407,6.5998320809032025,59.40338269412375
7.687890550119242,5.830826370962792,60.11172403417827
39.702202536499925,6.1126597392396755,60.614664041746956
40.65012865939994,4.815536326108204,60.48416112981751
25.13361450829278,4.651522853638124,61.96737354818459
44.75127352101165,2.595659656797913,61.241993301258006
35.638337389127145,5.244993301112796,60.1866252102769
19.05116489000721,5.016891753087343,59.62037858840813
5.488886511160338,4.863922893119105,59.959371221412894
23.10784199257922,6.554152109806503,61.208946171988245
47.136383752678974,5.772172321614353,59.23406170883604
8.222032962878608,2.945119542144901,59.87063343929644
42.47423747069591,2.4783758993711835,59.31209745239828
27.715093098548323,6.7155834630097395,60.73896245856315
33.441854962698955,4.216547448025211,59.9768029157223
48.009510108684935,3.4463616650965814,61.17296782438271
40.94056553962095,7.835995745500676,61.535764309470785
36.99945276863237,8.607146965096021,60.46055834530516
41.736717922593044,7.1908073042379375,58.88927762526772
39.12583662393271,7.469924128024559,57.88123475405219
32.55724248404359,5.5572000786430795,59.984707383454385
33.165382183045416,5.931434213537624,59.99358155253755
