35.01329914684697,11.112185581165512,57.01167072922255
36.41003029105722,10.694137207895416,7.721894056334941
37.405655316186746,22.188625772304185,105.81783767943854
29.243943615206646,21.240606212034585,112.38274880555124
31.20762375758285,23.557330777696034,110.36835693679656
40.2406092249365,9.448577365207885,34.01240820447992
33.41300949547409,12.219282479548134,40.633778585168606
39.5128753075155,10.569545923358195,77.62862749013854
33.54055457140483,24.709835464808187,120.10173790832506
35.2787191678391,18.5224557450356,79.98504932144243
39.62752296359677,20.08381788917922,33.89538649761424
31.019876605725617,11.397524334691091,42.97932604760267
36.31803340393823,25.642311253597,127.92454402733516
36.533139032073564,17.85504656243816,96.424181074373
37.66121561339678,27.70464172572266,73.80000454647976
36.16049191726679,10.359983919153038,119.94428172326832
29.27405556599995,25.627764074923924,104.47326796628468
38.66969230954059,27.84086903180722,67.19442935457903
32.17793141311997,18.288745769288553,80.44045715540301
40.46246104377231,21.034757952540275,75.32013310484388
35.55828673211536,28.285589143816104,36.718594318152775
32.865222059155975,26.10346362487953,4.997700344745725
39.834341097469775,12.398728438011432,30.020398962918698
36.96324901250142,26.763075405138387,3.957618870226711
39.38865704919481,16.735569621751033,126.67832798150819
30.71017009085874,10.037560404613409,95.63945867983091
29.22964027602478,21.334749481604078,37.16857961903547
40.178021443810565,13.500982806041538,103.03082706457603
32.67154480390971,18.757084872574737,119.7074358540472
33.69841859030229,15.934108343919153,23.25006621056152
39.79210671080077,23.62393808026088,12.377164035438348
38.40142199570674,13.593709220011284,98.1602564268283
30.91320336362979,16.188298118787113,5.200300926698583
32.6027833880531,12.642468000409433,30.16074480197985
33.797834817287594,24.133041880069516,120.09768499575783
32.64972726192566,21.671256326155135,34.82145457535604
39.10867441430246,23.66067153711831,14.650948984014626
34.1760801948469,24.12064098845616,116.05379825272121
29.16071649436779,18.138906295480634,28.933692774349076
36.061301021417954,11.671651685826284,126.04062083419538
32.23594733999121,21.426577955009762,59.42075245211644
35.56298152217666,23.904735744297202,40.590419763972726
33.71592766928863,24.402768450709527,128.8807456041825
29.834388343619015,14.47761212297681,124.20989398907629
39.03456345354488,14.156699060251137,14.32478131916196
40.64486935522157,16.537880165082502,15.343197550133562
30.142206462298674,12.480685412249187,52.86079201758366
36.52728766661802,22.95101136883797,129.40386856625096
37.32181485895957,17.33419675948957,127.85659559942722
29.980918957136016,10.069460649058602,80.73438753009565
30.743832671055518,18.57628554825775,102.39021007786067
29.9985768295901,14.34607321090433,41.57232530827789
31.14940929679883,12.599959612443019,12.342376950485805
39.93991145647854,22.326770911943797,81.97627804148125
38.33078993772351,17.770224514272154,57.11898716007091
36.81374052449729,20.444413139607846,115.37864109731191
40.739537744602316,22.77005852096618,5.7895332437444615
30.833467377729832,22.78740621383366,102.37474051604717
30.547992078674923,25.863109301880062,108.69081889084806
31.243287574214357,21.73768188629522,43.46506383324282
32.7816642328366,24.741394543360784,102.47289812985039
36.79611046199896,23.072779579327538,13.600578231778853
40.60411714201523,26.564559927619857,16.214286746741408
32.187364602987714,28.440246646150257,31.85682388331756
40.824012691634756,11.825914798620289,97.95413025260484
30.34216634486738,16.798878896250926,90.15686537121015
35.022771133724966,28.872947079618903,17.69141595170789
38.48727500331707,20.890139619791555,101.98618211979662
37.045066074431936,11.411498518628342,102.52042038761194
40.36416211808491,19.477696920038344,127.8629952129812
38.54387212224615,25.713735141779587,97.82156662667326
30.777173406251382,13.49607378679581,35.20829254124382
32.77494201438677,11.56397958799587,46.95528093523101
32.58104330120033,21.523392216475756,43.67312024903491
36.936063542174374,13.897568470179692,8.660799468930074
29.331468120890165,22.303969127418224,115.62014749921892
38.14689100422525,21.608906165637453,87.59392775732351
36.841480634501835,28.670360851572084,103.2705101827428
33.542185480728726,24.273825433133418,56.70409313340103
32.904549486274746,18.30581027875911,125.58179635840125
40.672543373417774,12.435064371008878,31.2690048299784
29.663033303200933,25.038522643385377,75.69332440827698
38.86165270893508,22.799734736559714,54.29557718044553
38.005680823840564,10.074256863760574,12.501695140268206
30.916698742377005,15.085754765544833,61.06483695157105
29.899674086785858,11.198629974611077,116.15919185613367
32.021092130300396,28.151448028184692,104.11209608757062
37.494189862505145,17.530639218276704,93.35542081032003
31.555167567518197,17.593890081423375,101.94712953421806
40.69343194671868,15.009176723608787,81.16588736244974
29.295842248808135,27.22058471225912,60.718758778856774
39.36318836903372,22.133597214939005,112.15506824686582
38.060398487032856,23.13892441290519,29.665476592568602
40.74688937031424,11.159610073753342,17.12408561818112
36.36107449065669,13.802927706446413,16.714688562166074
32.43871868315226,17.31031960778372,22.49217116311877
31.221174719606157,25.881335095091316,39.73541656013294
36.09080479690583,12.632763443345095,90.88007637071875
39.04634069743556,12.274051017979058,83.348653176781
34.1061973894543,26.47737274433117,93.2570888709483
38.903823575029264,23.70673878650694,2.5956508696687153
33.129457994173116,20.760853828544384,115.79980632726063
32.222005759606425,24.526590850821016,86.77162459599342
34.316036353293505,10.503322462395964,36.951603879990294
40.727779198420684,21.184611578863336,111.20626391276173
37.557413278714954,27.487996994004938,115.70174377637619
29.92486264930195,23.901048231028646,108.02090717051118
38.12837784718569,9.814323902539112,98.594570034447
31.48281840005565,27.60178286004041,94.65152620884095
30.020211706087913,27.15462085393451,29.12898425048965
37.55361885689934,12.403410842735415,55.0700799966493
31.366035197071387,24.67498482110979,89.39504638990138
34.065035423349855,27.22500349750925,50.42309785705126
40.58332975384872,26.822475734598974,45.68702133157952
8.988305727017917,28.739323386531055,34.75809586903383
29.80148862892472,25.102354730038716,28.658354705477663
40.9604834987019,24.821789858998038,101.60563307551968
30.12878960848383,28.553251276367714,26.093417252640076
32.52748508442123,12.999971374185844,78.66769368818916
37.449108565092494,9.24039795414128,10.070964887166763
31.117127033800347,21.653841035438255,27.639153580013343
35.43921430046556,28.63725663037922,28.47442020388294
35.610204260473935,18.349688287465863,28.74539923217968
38.59595402325436,21.033093984883728,87.96281621312595
37.56742585353241,17.2409336759008,9.206411294718828
40.68510054582907,19.162572174832736,13.066936890585657
36.44329636677186,17.141890291028474,84.8202021170378
40.566007362555155,17.193673916535317,109.71234763446006
39.34262055852713,24.792376009377485,38.40032458746927
29.208191970423286,18.01678305782331,65.37093097755933
37.82532857563672,10.795831152109749,83.6544131145425
29.30346784513903,21.866941948456848,48.14878310052854
40.62564078668542,9.583467694582144,17.995508860212908
37.056925187323976,15.897677957381843,3.8795398941059944
36.297829740371974,23.722851270978595,24.20764638129836
38.91223102692513,11.295451796200407,112.95171061506699
39.45585769967104,25.996596334344023,16.524160654827316
34.87863821998243,25.100332198324725,85.03421198888198
31.275539041059226,14.927957490726627,0.9455379873542158
29.503205259406023,24.34578942903687,69.80519995154009
31.58549374920887,15.318916163258525,83.11252695989197
34.845040359334156,28.23462743292693,66.47288066490194
32.30471983740416,28.86578156084635,5.557894682401421
31.140113276204236,15.858868683769014,15.787198618205029
33.47748272740284,25.10631885419271,41.79140339928006
40.860461431045536,24.594356566226764,32.88835098409722
35.73057444647779,22.970484132972388,94.17161699881022
38.30708073043585,28.74550312097152,85.95448548886118
36.32688392000568,10.229549428036155,71.82901189021803
37.91625490002389,21.815777119599204,98.00798661324417
39.2046560074252,10.109339941076591,44.33394910294288
36.37236954177002,14.669234112139085,87.56347128676882
34.95070433162177,27.613341233655703,26.349142804188805
37.073241516299696,15.441174194882976,79.03192489789909
39.565297786015314,21.606001923628796,46.19873663731857
38.4330139877775,11.55151943839821,73.68111907649525
39.951769778311395,27.647273494853223,107.94974555366724
39.17914067841374,24.82927584333628,116.20280089066898
30.868700511908305,11.741115205407485,129.31060765163983
29.013477650157107,20.18553505915761,65.53512859319838
40.402163976486946,25.24737495193181,72.37658501542977
33.000434922022784,27.583030441984643,128.710695491845
40.09740411028164,12.715089661539793,10.900485993527528
37.03580419895137,10.864007694966787,59.633397468011715
35.18227849399682,12.735946952948403,31.85081110316052
35.402263928968694,14.618089848791852,36.537590131770514
31.04323592297111,20.579870988536186,90.6658651635059
31.132179041697427,24.60113618754385,28.085887031512247
33.23580773648746,12.45452811358778,73.79032305285598
32.78876783627008,19.794163798151235,64.45834903852462
35.23832252060447,28.845747771837875,83.45896768283231
36.67395000570894,25.953913356616823,96.61857759844587
40.950066277087856,25.730626756735383,39.23029575803359
33.79197031524087,23.928576494043224,17.18257883234324
37.013864671473144,21.96473609715226,65.87074601169898
36.56496078679511,24.17292592875944,10.32202617651966
35.54736452505321,10.640332941782802,81.05022862966472
29.281842726425257,13.155112465093621,62.43201847010733
31.880298066564684,15.634001816281273,42.88875158675466
33.95188121365315,21.605312015690497,24.286842681307633
36.77370696320965,27.871941093752767,75.99690629843452
32.47243392106569,15.219311278436958,82.11947011551445
35.89092008179831,13.502758431623718,64.92266638090717
34.75954522292185,27.068585984935837,58.672230191963536
29.782923130265797,9.888867569033614,64.37621487122685
36.806173927896495,26.536109615808805,7.991861855535321
38.74997246152073,13.135758638090703,70.56346369846828
32.2935058426055,17.54407778068026,78.82995879202332
39.988705914266944,19.802077516850055,77.37964054276743
35.61307834266949,21.827171382924092,30.08757131486559
29.898370919950615,17.71149466934036,60.06778938798763
36.27642928723038,24.448776257976338,54.27879281474748
33.68358129905382,22.27702089730484,109.5722835491262
30.542601437530124,12.804718751893066,53.15485906389735
33.29991291054898,15.86257082635805,25.219161816941817
32.49192160410962,10.805403976479013,86.11683484082498
30.303230042397814,22.51618286996347,102.90434902232859
29.51746044762705,10.102590397185082,76.66990620753491
32.990824985364824,8.586072738488355,1.817850914819854
31.801213708251247,24.667486330725357,118.3932524036362
37.72316112013486,28.347347340608763,123.65004999134607
31.803123231977786,27.800297153711256,45.24616027189086
39.336171739590895,27.127763046493104,55.13493237719817
35.451250772492884,23.077581808469812,10.178420098814371
34.61678506659795,10.094262217253043,60.661126781541654
30.327676598861764,28.471828511467876,105.33207062234776
29.125493097733248,22.98779596224592,106.90091665119596
33.11296033719231,10.984034057170593,69.57316931691655
30.583857448966533,22.81112920373893,15.136792713038718
32.27678069760166,28.927226122447863,66.43587361777858
31.959672722086815,13.758688723120827,76.37250828726532
31.532341979363174,12.082417240866278,38.65523771549681
29.657201900082022,17.440240302088554,53.65384016563223
30.924954904759986,18.403152770263496,51.60706607432439
32.30650884500979,24.41165329243653,19.426861455728893
33.4983641256041,22.532811513425106,58.58394839026738
34.25053176363754,20.558176084483577,121.2623200355474
33.6402497159264,16.56122036111303,90.88408540717259
39.683144366408015,15.264115128523128,81.9592439321358
29.8581688196375,20.793752624930626,103.02046097046767
32.743502108993525,9.867086411147039,123.9491453875043
31.73120979577096,24.177498129993744,113.90288008602413
40.39968913155361,11.892688789980951,109.98507956268503
40.13191507060652,22.12616852523587,83.03412027204945
37.101628576652196,26.30315274942611,120.22591709094361
30.580238965427874,14.285209085336469,5.742663330090273
33.99939240373866,16.805224586713315,16.831401488509805
31.64501764461147,11.592737966668182,94.07400730992916
30.49552598056141,11.749225915107935,21.836745180857758
34.28657436344926,20.72567399226562,40.81925233707709
37.265064355574424,11.80197254275988,103.84270342173984
32.74920802535445,13.665556512016101,37.987016580618594
39.76915818478384,24.55879379859451,108.01024882179468
39.053522735596324,16.81525835638839,98.49081591126074
38.25750086709121,25.912315353271012,72.50621067086162
34.27749640252975,28.30216544789216,28.461331748105504
36.662532587044375,17.699738458006202,121.95069480253468
30.689818594627866,18.200496540664837,59.69072144185904
29.523053374566015,12.782234635096145,33.69939983395552
29.842266475832346,19.327496373374196,31.54196328001744
29.75114498930791,21.201658395901017,72.05248425708557
33.32939444243108,14.402776324254065,110.56239146822082
29.662621791157505,22.981709598153763,82.32923681089328
35.302323296709815,23.35215654664222,54.35286803480675
40.951085350122845,21.316996338307323,109.75368320120187
30.651274001104845,20.518128199388677,65.52491730960281
30.46406519484408,23.132997316438903,64.37503200580358
36.441525350546506,28.567746564263356,30.17616046995826
40.13835060842334,16.840886732956214,97.31481181134035
33.68730578880185,13.267881281989208,101.19047183929814
37.401593529960394,26.454983178377834,113.25018252338192
36.222233891162965,15.08983172536948,43.17735646093796
39.42418193406533,28.888619231953015,113.13872731946043
30.37783690375591,16.868438237377717,52.61887863150405
34.09554403642484,12.923906275711108,28.624045730494444
31.67906686960996,20.732925562935783,85.84449958614422
36.25348537350718,13.948105283864262,41.6423419358771
31.53139358994496,22.40955912517276,15.75105716820586
35.78863339430901,9.808418555079779,13.038891853618559
32.10361482764846,20.457654655651382,32.90768309852929
36.23710297165621,28.908165520989492,66.30940654408887
31.21306502260496,25.84776376846752,124.53207020859513
40.57555583493173,18.37089681919638,74.1743749504916
30.77335547876106,12.914446943265421,34.71689033211366
32.771278879293064,9.203828991763142,56.159351348327476
35.66771858141762,9.306248642499451,77.16507358193505
35.0972745162533,21.583991856402623,114.5617657542609
36.90047636139374,19.296203984217172,54.79022107879162
40.859773001602974,28.196802459975366,60.748742598335035
35.02301297857585,14.842072190339847,78.05827820952089
31.11568108537741,16.797866109655416,30.32922065405533
35.652786557658004,10.102945431254128,24.884439532006102
33.04989905335162,15.392361177332305,44.41065978067315
30.76820934721446,21.418298297461845,41.25103658428092
35.30077133509875,10.408349515856646,15.636914848940384
31.091837860329328,15.651171367094237,2.527589178686353
32.855276945018424,20.963906937997287,93.18477012291282
38.43887821508049,21.032698494201824,49.18583503490938
37.920229658859874,18.25183709955425,108.46921254105898
38.80366961416827,15.999222573308202,28.596012024158536
37.142861309408616,14.660173167077582,40.0729632140083
31.821645091900898,24.500128563709453,33.04407385696899
33.86925518302298,26.310900431805546,22.4223008226271
30.40848137440048,18.258094049645432,83.23564636379585
40.7541400114077,13.702150611825473,86.83230397863042
31.392866726360772,19.878674300197325,21.056064651218648
29.080081301364594,14.534954150030464,82.77764414915495
39.285335218546955,21.498536067114852,1.6982892587546672
40.61171934574132,13.158187328468193,98.15837760481963
29.878366232951116,20.59619102820948,45.016315979451775
32.39806059697199,15.354394352778428,50.32194796000823
32.23040233032653,23.235816860120206,83.15007929718652
36.15320950712659,11.173796071027958,90.06417444117365
31.50076197924507,23.654403078865737,122.31007649421404
38.07876782872134,26.525457360800164,9.154309699805035
38.41506384388748,26.587761241072922,31.559236114961195
32.4156351471889,13.132083212777243,68.38306837042525
36.617406838855985,11.004255835490188,106.45608935549929
35.060801997331076,13.865834302991525,12.820013053253385
40.16221076370015,22.720141878843705,40.39265875112721
32.00636541232391,10.821214122208943,12.439663601169192
31.542378912623427,11.631772879380634,108.30819333088253
32.09957385075731,19.27842882966585,4.3115654188829335
37.18554090527244,28.022608943684222,113.78751688995844
29.386585998478775,14.125841228230174,37.16672348452985
36.22102778307139,20.819375875472126,32.4998611263064
37.816561594647794,25.64175625829981,19.91209167196117
30.53603537289395,27.126102206296803,48.22206226097895
40.190026605918526,10.369399335595624,33.490895297457975
30.6500997915237,21.25797714333452,62.829825282812806
35.673210718799226,10.118871566132345,41.84042973404402
29.947501772005808,26.499240270383453,32.558882182594004
36.678264532082785,23.292093751161296,10.51454384724299
30.177951778935277,19.120866311831062,129.1527524872242
40.95724766525469,12.832477163466226,19.43306892694525
35.577976994031545,25.529509397017065,85.64036538030452
40.911898536862736,23.25327294050389,111.61086133464292
36.26330414970222,22.993836181773617,113.93170510526524
32.98769747256278,15.741641928446859,93.98772254646461
39.67637494670966,14.73505827841357,60.863180561936815
37.80372645553314,13.823715131274017,78.89159539794103
38.39282542800696,28.483917063252274,56.28595841283549
36.02030407465452,23.687720262744207,96.59270405982262
37.20713517645844,22.453188780940597,92.26607841896359
31.13188116238876,26.375333983887863,7.199009258691076
40.15717703485788,9.931876410716072,96.35545009604743
40.00171845573578,9.194438840809394,95.10101985130453
29.808753331874065,20.631203897139372,70.46089022177121
29.78536792666222,25.767653595324596,105.55666116472987
35.4094329717257,10.894475666031536,109.967761746763
30.581294810024957,27.24655440449861,82.04043363133309
40.27208207945695,10.33650158555929,84.80412671227909
40.76896119170125,19.901867654190077,37.32810960174696
36.5662652965262,13.886421417283659,76.36042241396233
29.42669650904987,13.285719108141555,0.8972591070011682
40.45666443166426,9.372628989469796,72.73237113449797
40.907845934304035,28.325633829555535,31.45727024409835
5.355581353328893,18.374977679684278,36.98673849861249
35.420239119135346,22.563408760910054,78.17744409098266
38.403453648258484,14.584700975659514,103.11334374607846
40.75646670793454,16.375948275360997,54.846587838591205
34.23107170644025,28.214937437823703,59.29337032452115
40.867471375516566,23.047266562860667,119.43519540987513
36.903365823805544,16.830198184923344,77.60639673452381
29.66910270821328,11.042003950461815,89.53920687197264
33.014122377995236,21.822000537716573,6.524223426277308
31.404326672068528,28.08139492726876,128.29421130790567
36.4277457149146,21.038415678260385,11.92638309216709
37.810218609228286,24.13658969628493,102.12752239966778
30.845614259013793,11.3806028689989,37.6814790334939
39.00156786215536,13.408389931459345,53.91282217036241
37.88679460917354,12.0133341449921,26.03762171675381
38.94601384420517,12.35803454870599,8.847937872117647
32.84987063644802,14.97029257928222,28.731918778852712
33.36382844598451,25.350168719929307,42.770194839645576
35.127516196815996,28.16569944651651,50.31608185416093
38.14467869422292,20.103695438316798,40.33697667713618
30.048658072853815,10.101513301834924,94.95301377396623
32.34536410648561,19.21377847992032,100.49160924444398
36.81301149982665,9.238362030531377,6.232141668208824
29.36216187362101,15.752389301067645,52.19674408522907
36.03331063070092,15.882194750388383,18.084860572080714
31.824982557016995,24.496496133916455,95.46786061969354
35.6419450549308,23.62747969327157,73.53497617583547
30.170944907873483,11.289583240296412,105.32933255017589
31.89731405192187,9.333367292667766,24.961439432880702
35.34828381666076,17.828353540607353,85.8993827527445
30.668148163336504,13.767185432310875,0.6212916805925672
29.47112019204284,21.040997692169803,1.7148244608943364
36.48385464299078,5.383548475946808,64.69332542114147
36.03208286046843,13.130608989862399,99.28384693892096
34.13236096187653,22.309433457527525,112.38563386221689
38.430391672049595,9.698146744900924,89.13978151035288
36.260403092763156,14.151173863377633,107.03112667988073
32.88505418390265,19.167048518708057,98.23042030255894
36.26869682352358,27.671179960251113,43.67062039224315
30.321784582093237,20.761292058655727,102.84921927106359
32.52231734034781,16.39396683356088,99.76710505767345
31.03350312342613,22.10184839928735,100.61448425854641
33.715501919737186,11.938838280513767,94.79553031201749
39.101333371289066,14.141870073472008,42.58409608026851
40.219580663458196,26.749082003248454,103.2040934372334
37.97742461793686,14.757492825252125,42.40132087232285
28.9962584653802,13.529709195988504,102.07802271836378
38.505212389814915,21.524821220416563,24.68950682107847
32.499174021867056,24.403001110257318,52.857069175603414
34.529070187320876,20.88896582227431,40.692638020923106
34.25400041863295,22.26189601713505,87.89703993756747
38.290622752373686,23.92919420666844,56.54034711771731
29.244904218617297,24.769828146444162,96.74683850067224
40.65170703503733,12.678965154261366,68.22979506616448
36.88981376454079,14.373439418558583,88.66800907886848
40.521034426819455,24.720539789091834,13.397856166146875
32.66023143870916,27.991055693816758,61.065582575271215
40.401126498846246,21.05159414754219,77.10400542151208
39.04476477645437,16.58250287825395,30.01216160887057
35.06224717338202,27.867490225831308,91.28236137803154
33.206785816362874,12.57528400908652,81.41780382946929
39.24474941117168,10.746556197547847,111.59204864415511
2.4384663769649206,17.554819961997783,46.44200078242192
35.39188271663526,16.89615425462968,63.526358233223526
31.147440996317435,10.33783783378481,2.7447659550279777
31.24473065515361,28.817879449167656,70.14188946921092
31.661088735757502,27.293201587034233,40.89638574898828
34.829608684810715,19.3445140529943,69.14981513441148
39.06105623503971,23.554991526684205,128.62237639480136
30.758264827894557,28.285400153700845,89.6511975989846
29.35544854846082,19.427509463725066,69.54092839268048
37.914070506032225,10.629771744454082,96.26950249980817
32.389126467822116,17.585600215334743,17.13684538825685
32.09832615012265,27.646611368816053,59.88658097774831
31.196323719978082,27.504309635165367,28.91383564371307
29.489975994281167,25.188689455858714,48.67854273950094
31.91640540627631,25.314348974548352,52.71255436623171
36.046021362194836,28.222517963144593,68.07728907729725
36.43190599579641,19.873328516340614,53.48428675707487
31.520962096339797,18.694282521609782,97.8682585795922
37.783868349593234,28.49887809155233,88.89191961367189
29.083503840049573,24.845704716284402,72.60237231956097
33.46853607565428,19.143314330270293,102.22045411080657
39.119249465512745,11.116256926727278,47.17562574394362
34.84847577100966,13.837740703092477,66.04516306018878
40.003905876243536,23.606278549701543,123.96402072007864
33.98290569762359,16.707460201313253,111.60859344539627
30.668857216623323,18.420826453405603,53.62278422799862
38.335889571388826,24.029136403558642,99.13619920257081
36.425576290759636,17.40618079166854,14.71635125373529
40.98325478431249,11.291561248477514,82.05309539146646
30.954994372001728,12.170092904288438,88.85764635690333
36.00660594363211,9.888450114104206,67.48228465377545
38.896751094087556,14.910883385376444,92.88854622764819
36.47433989035439,21.75235053988399,19.832261049937706
35.16991390947817,26.753347567014792,19.91277005942725
39.541818547548964,17.191299031394276,98.98969455452055
36.900304037614674,22.732132276065506,37.5224744033829
30.421878520046132,14.909611280587864,123.84324359034326
29.431787059528503,10.070257625050797,81.0297351720314
33.28399185280514,26.09772639412448,105.35368118789063
33.41168906017319,18.307489140981236,26.204851004937076
40.541710131652685,24.463653829869408,39.10551958165334
39.136941188642716,16.377790292817,63.124463248006
39.97783384340499,20.31917211545766,95.69426335619013
39.74949201065984,19.03957115212254,27.09030280405321
32.98505755289708,15.831317635400163,12.061514302241854
36.66025395708111,18.56645019417765,59.981429597393564
39.41278356819815,25.584567644502414,82.93659370926008
33.81706550958566,24.304771964612673,1.7418392621104861
38.39327014369588,21.835212084640293,125.97107745830368
29.26839132051545,12.615532352305586,18.397598309590585
33.96362885346182,11.741228686105444,90.97038008225464
36.83404527571498,24.366767481586415,46.64239981163449
31.82508987215696,18.3810906712018,53.761488384056584
34.021078164654426,13.364690015670538,59.99042415466757
34.68710046098519,27.628172856299948,81.60941840940549
35.134135152936494,11.575137438005886,85.49193749158573
38.86510112730452,18.018834381627485,83.74788408960987
37.91970229875997,12.015294029939142,86.53997410590837
33.85908763717062,25.633412521359705,43.389426549336854
36.59364022328957,28.27892430221302,14.172527895341176
37.13456956829432,10.546288748898036,124.60159908307587
39.2830953269226,13.804346768839313,46.689302424165696
40.98334767095332,11.563272716454204,75.38498775274715
29.493510557243766,25.99576239292571,102.8186982938352
31.645317205052883,11.919990560511021,88.23617781282121
37.8646669702789,11.938258899373565,111.09454872803472
40.85435631180359,24.636946423352143,50.84348098689108
37.417644481102116,10.134621157426047,116.49121255177424
39.71021952281246,15.411260303740095,8.870712241050578
36.92912658700596,18.018515577182377,110.58171547556897
39.0406182882834,11.255102941241098,14.724133958206586
38.410586559465436,27.678597973813986,58.74996631475025
32.87436946323196,17.929361991184784,108.6879779846096
33.6261762771032,28.061358489521044,18.532299940345837
39.20141730116511,10.507072655245551,62.278375169426376
30.80856062034276,17.757790657016507,88.7365436902383
33.68042707996554,20.05664614894831,12.24248453178067
34.088338791033195,28.582748241496827,119.64727456683352
34.91431489619534,20.139961659155766,78.10061140522038
29.950712478557406,25.549310230435484,75.63221547580554
36.9036743527455,12.302287328855293,84.56865302702828
36.78118704418585,26.914595305827625,93.42759788944305
39.018368146775124,9.539208353431778,115.1936963480389
31.552340345613153,14.398897249963438,64.33738585478933
32.74829264257699,21.181457619631626,41.72230904631976
39.597633774131026,14.888964147586329,100.17468542812134
34.63367109257056,20.54970477291019,121.52157224234472
38.8737192203187,12.435311747834472,47.917671711108554
39.3591204607175,13.085413495428975,108.69517806186923
32.21115397025681,28.9774578716701,10.275884859305302
40.12297203804577,24.92713264480224,103.47890472493665
40.90522429546652,14.30109274264712,37.856808258786124
40.22139666914028,11.046329069290731,60.232441158359606
37.826033357410196,10.38401544950381,70.841765877143
37.62940764700384,20.621935004362516,111.78224260351135
34.18782851356661,12.040325341456892,101.79738622741873
39.235667023474434,28.18857408909258,46.31217270246481
36.30191879210074,19.913011837795224,36.32924676686981
38.850425915440795,22.57390073670122,116.43010163909108
33.413238087416076,27.758347295746304,9.754932140659477
33.59607283338423,14.755448914239746,120.5445491843097
34.31005939692622,11.40474524862249,59.548823679546075
34.18756967877948,11.973209337399883,25.72414228105007
32.21745092740777,17.670012947301828,10.697096690215012
37.36182079869674,18.851388521027772,78.1511429956781
40.95001167667356,24.923254288877636,35.96580032955866
35.46641559696111,19.313589886576583,124.91412614267851
36.96384089557983,28.143043742900577,109.25709771403753
34.51368221621598,28.779575837878568,99.4826198370657
34.52305576782315,22.43048215426553,52.09259521803587
39.31961420264633,20.848060859753293,129.64275475641165
31.720727276647125,25.02066977225851,68.98965351829108
33.454195565894175,22.697253554656378,16.967673695879434
29.12841071729413,21.89677229468691,53.07508779101829
40.8706279809429,11.15716032905815,83.98974875872845
29.809557063027018,10.028346335641807,14.314556138090724
39.386186779937304,19.217521406968075,59.80332036716001
31.01840646474048,16.274387574008607,14.313856628099526
33.17652371692132,24.54996218431188,25.50512227594868
31.065504844508283,17.812165669060185,94.61545456089887
29.84346209858908,20.492423513803747,116.0534798691613
29.952445809799272,23.772968685543205,61.53405313292419
36.64352169098024,26.802289234258872,27.51753001004434
32.74747590923549,16.190692143062194,103.72194232972217
29.673104846881373,22.16421723253389,37.74340929438275
33.869184216882715,26.09059342527001,40.31278692279033
32.415735349899535,22.206840743549833,79.39027646320277
36.70731326567776,9.25503503951752,87.79177688502827
30.467058109203762,24.893077814512793,65.87971606786176
40.42786507137626,28.80300817193509,42.85230704149328
36.56623259545384,20.38320821807926,93.25113057852444
37.58386424500827,18.7329448119048,67.64929714724848
38.75994083157473,19.821862228618123,18.95271994387758
30.314220879154867,14.35002462960613,13.845256295010111
37.97516572656787,25.82973732430728,120.90389116837342
40.78188967864984,17.661382493281472,126.2795142255022
38.61969299347891,10.592119212132161,97.31530104209027
37.97138600779303,9.62697687676167,128.56091756393286
30.36169490539242,10.133460498255882,59.61927232581958
35.762812041851284,26.348825217964233,31.243982762467784
29.569737863729316,19.65694292458053,104.1896137900214
29.86025898630639,27.46913876262466,88.41037592917864
36.030608240050725,12.980666097930408,102.28491548706218
29.7051749118527,16.684087890468337,117.32683798064139
29.296072270227334,9.753930942737721,129.5294902639566
34.82421762450635,21.595105785665858,1.276081463616815
38.89229518881127,28.795712596783325,123.19106518782229
37.001201426909134,22.524250744881485,108.48736493030353
31.24183754067534,22.211636293983226,83.94165625984732
38.71194826967541,9.44656923399598,43.863401393210594
39.51157214239145,9.39642387662957,4.113135274595123
29.407225274491516,18.104829509733804,73.16984199072469
39.10734975043305,15.14735700250603,45.03308524280167
37.07027162210197,10.830696288402933,16.83829232609914
32.33209640868792,12.729617624440532,115.42810970635719
40.45061407299924,24.775373036120968,22.992350709208292
31.497560319024217,10.487719492915598,1.5139025367604386
38.68937795824742,19.27892889380606,104.59657840583816
40.222706378519256,13.322682951797411,74.66080817107729
32.901764255487834,28.47993588054788,19.922393509603292
33.65811189467621,12.534921039297931,75.85345063739302
38.2711749407459,24.836590040322676,15.054408748034222
35.59090053266861,26.527096317027365,65.67202068883363
29.136174992121216,20.78550690909143,21.300592179824342
32.465030351232755,16.36293784613264,63.24358083279518
29.63695097829266,21.923481410802403,53.11201550065084
36.75174017544842,8.542928211304464,43.307425572959815
35.26523481740447,25.99715692155499,71.23984321832508
34.37313352400962,12.460805935177415,52.75623855008263
34.00803062324493,20.115237636078383,123.04013881762768
37.07613042031461,16.82426464532486,39.165071993479486
40.997271794627835,23.742159948606094,118.96278306255348
36.06512039528715,16.08054718003122,5.911911599000613
30.905313775766803,11.79451486179299,96.7470587031106
32.42312734974033,9.92006996621457,31.23935279082521
29.459856003821688,19.653400598723863,73.92235432170474
39.61542939857361,11.595346436901966,35.13938372842695
34.70127759652982,13.686962175500572,19.721781529119067
33.31469775541177,21.4172597899933,26.11705353822452
35.04602508651713,21.049009343385848,41.814577392681166
38.75461166589583,13.276492250911751,38.93356580603113
39.3164945791545,23.563925438890635,119.81706711871173
36.61613919387761,21.494278394152282,92.0786393023896
31.52046125921475,10.813389161030422,104.47882277896417
33.52527764548921,24.220652237152702,70.76465669404011
32.16793190708097,15.630436934959322,4.398152703376721
31.524306157897485,28.047865536066062,62.455442107001765
31.6569168100959,14.44544951678362,77.18762661002707
31.348461581119523,10.563651212046363,115.76575471930073
40.359322090603825,26.33193574929233,70.54121092880656
29.877085448131545,11.220992221521382,68.95638662737684
30.575927371668605,16.97925582912726,95.89705173195695
35.25899349616923,11.21009327750403,73.98569728378729
38.83331261071169,21.84071016492039,77.52078576607484
39.959413527337716,15.932870819197356,57.73803498182997
34.343185846865296,17.51375062442112,106.47510742907212
34.76331895156298,13.276814275046652,7.017706322779374
31.669842220733397,24.522346101598544,21.530977948045507
30.675128846694243,9.80843948362742,40.35593832559695
38.597033917950185,23.026382692244002,7.238149870543719
29.66390922009068,22.816139300929287,99.6815805229862
29.522953021385568,23.723728801810594,17.551159212979854
32.97570689578463,9.757357482527464,28.73714573526097
29.889290620226348,11.93949938356457,28.427155937970443
33.64427602884308,23.690631488438495,119.13341984794053
34.15697325454536,27.685296235732128,67.44455071219143
31.916143574269697,11.51418130747199,50.518735577468256
33.92281045798887,17.14132382967911,100.23639755059854
38.255880436015254,11.928471959335553,89.82978142484711
38.88713659472306,14.936379830691234,112.99218001480627
33.7977902606446,9.747135137903605,28.61929941496311
32.98642791347352,21.73205307491812,68.94216955625494
33.08639053688631,17.85051702283179,120.18876005185035
38.291315867351535,10.063587971184862,53.2056403000987
40.639409616576046,9.583275024969609,126.69787997194722
31.135171635923488,3.9906950490873063,60.93488711144632
32.90848254545049,20.553332029053895,66.10594123475012
36.15526049796677,28.492931894899165,74.71621157380565
33.976259922786596,13.226229301231715,60.89889261159803
36.27279217410374,11.496578343288416,117.17391286604483
38.5124677216651,13.015871176556194,101.73135524759923
38.139637414851066,19.580881545854833,50.73286710194648
32.381138032174796,10.822267084106539,85.2964383778757
30.073029165196907,18.596321939288327,9.57389078643014
31.54183118102176,24.933774945786777,72.13127965330872
29.962760699746312,21.646782794491937,94.52301127744492
39.61231029645658,16.40491834722014,92.26751602849932
35.817880097291656,27.5307336690607,28.073164335444623
36.238457557593684,27.914349467478058,78.2451427741742
35.76590960393776,18.466026581283412,105.2894587036655
34.8566451136579,23.118576388177193,9.236065244386264
36.24249012860136,14.384821971207565,39.969066194582126
31.81567963323969,25.10906336914015,31.600221533116876
34.27916370727188,20.35350236101977,10.832033996192013
34.623537009926686,21.425550258983904,62.57212602709995
39.24701854324281,9.20041086627645,67.69234988987841
29.050380057437746,12.898386587568869,122.16420531456428
32.11537994314928,22.148533745618963,88.84801360341716
36.36013117694595,24.14490289581179,23.608588836028627
30.649715551568686,18.178369596078525,31.502863601326162
29.80772748552034,14.203413360137237,31.22825007857625
30.950786382937615,22.479681399765823,4.882459548104997
30.851691334116815,19.00022453926616,127.38590427071982
40.27650765017128,11.54931854103437,44.940159637418226
3.8527202329597365,11.01049696701904,45.40902186414241
34.32517336090017,19.328819315382667,27.355355029825773
40.85830181417224,20.079692029906862,68.35817580712603
33.6926212151054,20.516507286689613,62.42424229882117
31.17205854931527,28.010376811033897,122.40551321492227
35.571351263110394,9.28056770373911,79.04551534300673
40.356281029450194,17.314397514830656,120.0349747323952
40.05375808830511,9.567036025327091,99.90996903161846
35.0661021902945,13.23162970443071,35.32712142318506
38.82575022355143,22.02811856641655,111.52176834995996
39.35130912492864,18.279530018980537,56.356185980982424
38.35101398438638,15.979223655932003,89.02475200998529
34.17953649173482,14.317121528487082,66.10413564031391
39.86444831539389,15.50605758964866,49.31133421698401
31.828276301426826,19.47294089462572,21.458519932019733
34.64438791302709,22.258997963463397,121.28305914283371
38.62352209297678,17.061435004234497,115.07740285482468
29.061786786752037,11.905134672782594,47.31899378223966
35.121299260069975,13.38397235826982,54.507152729432434
34.1652513854613,17.99369291826402,78.58860602769484
29.924710957246297,20.362598103796934,19.414486234057083
33.44540321517366,23.269533309592287,101.12923601991332
30.642107664430647,20.459892435239333,41.41005988166572
33.80849058312326,10.824239157376269,2.1833284815615595
29.71064106198105,20.32968909888747,57.50159842778934
37.545267170430165,26.10037587485739,26.419083895148635
29.36333966856325,21.928303294652135,104.1540538586492
38.829259366524816,16.99777642110972,6.362028974771339
32.28459240962521,27.941597180992698,2.9879385104554945
29.23175100257515,27.622037687802298,90.62873076248084
33.77740046588434,19.79587827575544,21.000011724030227
36.333557091240316,16.423260957328807,48.828837278340345
35.763695293900945,16.33967362521996,74.96344066563933
39.00038202152595,14.15753232149121,76.96898867199856
36.742355930478126,19.60581548077832,62.360249378892306
33.19501691868254,14.022560832621872,5.668050365871329
39.31129185024191,15.578179057281282,102.81273198693621
31.120410425961076,22.293356539061797,97.85106106928974
38.15657995177142,10.751534161825138,77.43407415628228
32.09183133664332,25.295379401136568,79.34437787351509
33.10320141870973,10.417627714833273,9.744180789885093
35.10966582235388,22.660831288006868,0.0626202911152074
34.48898141660142,23.150846401797708,47.003448009775326
29.82966484618455,28.38768795946277,76.88293410325682
39.211330350207724,23.047025114204033,31.414655333944104
37.18608098218589,19.78561988521993,26.244906601612865
37.02055527030284,9.562928054088363,74.32844792801964
36.09799014712294,21.40111666001353,33.64252294458592
35.44370834338498,9.236838757421964,74.87730656547217
34.849759173583266,18.69663716626286,28.545365819024042
39.17924457017033,15.382488918445617,30.952441500657233
34.529537015795334,24.867094110663427,29.458929847519748
35.53611468934234,27.205391458596726,92.85052561600205
37.72682306755165,14.143756502023455,74.6739491772223
31.894904222310576,11.004681602972852,56.71748713124561
32.59705991474176,19.949670169949407,105.46164679285151
30.715694101887955,9.735105272330518,66.92065195030185
36.53704779943319,11.421883982393606,27.27124972409909
29.886061454119215,27.103058166143782,24.021892214041134
37.65018109532401,23.00044653760753,32.18857146908497
29.81525473235545,21.340000952434302,109.0333770414945
35.315487225035696,23.319262133849925,20.050811947167496
34.26129993943103,16.54107489607678,47.879025957814164
36.855610082111525,13.155449661345974,65.22023177639423
29.002370881606183,16.55518367912678,1.1012481377474181
29.775098007651636,18.564263499450462,99.29648712983803
39.96308242935502,18.48304602823704,12.075213690890427
35.70482397348066,24.866802847646596,31.1096806631926
38.07673277174722,21.138334231035884,41.98891634050551
29.563773947246837,19.56139316568032,39.1102245423843
32.31092367486417,17.8610023133317,45.388829604932674
39.245933994842574,14.93586059990636,89.16635046608756
39.454005247024135,18.38861713630665,73.22017798746899
37.004700300484664,18.642244122542753,79.72209871431778
32.157380398466834,10.570106288945144,11.51597500015798
30.50684634019934,12.66172093000046,101.38618871089498
40.225706509858,18.817660790555156,90.44777870702261
39.199050203198006,12.687210097521127,60.05438568673808
39.178006529660664,19.85110271375659,43.975780842242514
34.725902573315764,26.373560148351174,60.716397514539565
34.74221371069284,23.883980805641016,121.35069253360706
31.40682289908061,12.608960145213452,67.7835688207922
30.069249422072055,9.73582583805526,34.93512500492652
32.79926396385105,11.274880190971164,13.523936420384267
39.39380219740881,18.542530029787578,85.87831087216225
35.53716476228246,11.304502019482474,36.484369357523704
37.46982365793346,24.217016789668367,19.232061580798867
34.84206628819765,18.662196425124876,7.558414712080925
31.58446855394272,18.394028360911392,95.2144329567283
32.48665914708924,28.311362184607905,101.20377276396665
32.651065064382415,21.15410317940737,100.65996416279933
38.07804175527708,27.661545565999138,16.31024067319074
38.27304203525382,13.628680242227276,81.17693311074757
30.53114134324951,16.71687985888881,98.18008307475893
34.115692642577145,9.972982520841143,10.837537691424862
40.714802241657374,12.536607719200177,21.610021201395192
40.168273911357616,23.89836438276599,35.28462535187015
37.88997146469766,18.579178570463807,30.853315078654457
30.123968202761112,19.57735891903166,2.9362931153787497
36.26077686425469,13.027378830857655,71.64080945198309
37.22586485284671,9.659509333041076,95.65348947285332
32.077348194007115,24.068952431726096,126.56328146826264
36.84610542773695,21.267935857209892,1.6934442368831437
37.46574674252521,9.493901512547524,113.4969149965242
32.49825646323597,22.44821909313223,8.552348268129974
35.523908248378376,13.442859686801587,19.91509847163791
29.771655223053788,26.939732887038915,58.48424795085887
39.94035194570097,21.31975694289623,114.64529823085051
32.95375745468975,14.160739554287941,74.36964672998623
34.1392047688209,18.6246599165731,11.572986698337871
34.742639115318156,22.032341552368642,105.70355472117981
32.71916537692976,17.91412197681742,50.25651391895474
40.49322462580093,13.579792183973517,108.14479033159084
40.25132239496143,21.9041814774149,104.40142925664509
35.27257954142014,19.044299863210085,21.23741573730831
38.62564285763931,12.889439261206928,76.61129757140253
36.83973156706325,16.90997987972078,19.00425606615625
39.699950420162445,28.457232255918033,26.774484500942858
34.66721100524507,14.558589660370977,2.5849992822519607
33.69723236366745,23.792894741998,120.87752407461235
36.171267865988995,16.46716478631562,73.61658319224489
33.59312832662147,17.985869045697747,62.438235079259904
38.81859764263782,23.708203061758354,119.35780757159833
29.207590989674337,25.547030402183985,109.65929071025822
40.26691765421563,11.669940215746848,90.16112257458153
40.56621714064895,25.065638060660547,34.45181312483131
37.25898730973136,10.58050919568334,112.93386513112084
40.51932911576412,27.370310490141225,104.82248999165904
29.801779556051955,21.112602548684507,52.92206497515664
29.122576388904356,15.028782857383096,20.168829037573616
38.543278201746844,23.3068781236754,112.77752643341117
40.875710443476414,20.793793491549454,96.0495119593215
39.99997121232305,17.40659737792546,67.43998301098625
29.463229524328014,25.53402093338344,4.821089230242831
39.63566552790036,17.95968948272071,102.66226736452626
30.49277879600649,28.750338947558628,127.35996803638606
39.793335430766746,25.240800305191144,37.43814815871252
37.65308489134097,17.49852704387545,94.39563395406373
32.60780381349023,9.322365333487692,48.68205249619571
35.03511316197304,14.405216282398781,35.984771216356144
39.04445762523939,10.983850329975017,97.36801706082352
30.23456365131384,24.66009885404131,123.51332982741343
38.639905667626245,28.905214969540243,51.387433586714124
39.89234162915035,19.579394312228914,129.53941808418298
35.82494314080696,21.046989790599643,30.149734062591314
34.98263511218215,19.39295535864144,114.87596328135604
33.576294386502866,21.43525191651227,14.940407511659583
32.85711032783505,15.187671908458146,89.50945728643357
33.1078959625209,9.409229219678213,66.65884707187351
35.86745330143751,21.43244841243636,58.45736248889391
36.423484239312984,21.493041159259946,29.893484039435844
35.53252050287391,17.855307807128586,75.34418334591177
30.34849710464359,17.42408872029664,70.88925709324135
35.51525399894124,14.508500739987879,115.78957773349501
31.297657611046603,28.208220562388263,100.45419325304005
31.192716706823465,27.43895291917408,129.6414761320022
35.67999391497507,25.197233371987203,108.71543998063164
33.068480850434305,13.19126447096058,107.49713342591387
32.29794340957322,23.912980359222534,117.15519447790486
32.76049615082351,26.787719225688125,5.495602981761336
39.10961808788067,23.722765210805036,68.92809775570787
40.1439478061518,13.493110347504507,71.5858089506032
37.11960034663583,18.971968809842423,118.29371681187071
40.15446100601617,15.380373386362724,9.65296277445242
36.03811555786028,24.737015184380677,54.666450390398026
37.79884020240469,17.064049790601665,5.662244006374975
32.21031168971796,16.211362353245438,73.11911202183008
30.094151140011324,9.371809172386378,34.21581934337935
35.59879790323545,11.495164984032993,18.961753584610896
35.46591009662359,25.96794419202796,111.75037231300612
29.921559738901117,24.41767040612612,73.08232640259828
40.66939127049674,17.023854108342967,3.837036755120212
36.18001397128471,25.671873309247044,117.29828557670864
30.335412332651234,23.015004340870888,60.73227254190424
32.27391825195967,23.415441148534992,106.87621817217106
36.76018900641684,16.38807795968087,23.718055574420955
35.07752698773892,17.759460298417373,31.433633306111616
35.758723263285795,26.84750476758971,120.99352225718037
35.55373958245663,24.52726749603421,74.59244736546523
35.27569971273397,18.520141070302216,25.695875688514043
38.028198264283766,11.426679696200154,6.5940300030076155
40.05739709135029,19.585503492997688,122.53365282614709
31.586197166717653,26.383112910872022,75.62283556562559
29.775710173471513,28.842922919423362,65.90363812724974
37.14796136208323,20.70757386216892,37.858881747400815
30.061517518653037,13.014017699666434,101.14333880005313
39.83661685787818,9.660762989978256,67.08215332213928
32.21376129653076,24.82627938601521,0.07941409649390607
33.567375147038305,12.477326428682048,114.44257678752382
31.522726131713213,24.34312171584938,40.67081026425436
29.202683088705037,20.96022445668554,3.200661870755562
39.124169162465286,25.03436656774718,8.917578552065482
33.40387236389071,12.365418331572364,21.18604088323684
38.62301797469972,12.717123522252152,65.30071877142686
40.5953395258767,14.364497572428293,96.61159612592706
40.883427919479324,10.814158186495163,23.34831129851884
29.255630311347453,28.084264497808572,103.88795861122207
33.22697017862451,27.11395994959236,21.850851404870753
32.398390427731414,12.649595925933394,80.61075889088517
39.24275652382207,13.449059364620695,41.2653312129212
37.080426783720256,13.782518772432612,87.46179868313182
34.074294878384435,21.421848984313836,84.46688305140093
35.341919466172946,28.588076507467907,46.98434578287765
31.869346537907553,20.44402467550811,124.58964196104878
31.962976131084744,11.416611897535134,118.77629908568751
32.552009217671994,13.464331366344105,64.45573694086086
40.770878855623415,10.951565572561197,57.34210195022337
34.54977353249797,10.423854306516084,60.079824732756435
38.90946821659625,24.976722972109407,94.06954174457235
38.17160630553024,10.696300503377323,69.1949459682394
30.37382217778012,18.506656079493947,128.45826770416699
32.32636862714818,19.16092265930964,127.05570718674947
34.72929595903982,21.37137817311777,4.178490887929742
33.04316908991366,25.33404633660841,13.100151064481697
38.356812751607926,26.34687416755126,87.0227917795658
40.65136959543048,28.784288971869934,52.956688340423774
33.19572344937525,19.864510459540405,99.92177813795465
34.960439057777165,28.788306952417397,61.829673234995795
38.41044061089123,19.143742284915405,101.91644749887168
36.671428537471876,28.096175589812916,0.0806914000021075
34.36410687765345,15.268746780653956,117.65144667769795
34.55648403138376,25.626170946222306,125.11629805358024
35.9282879065824,13.088757899647346,27.30298908440066
31.90642685892105,5.02224079043901,86.23078370324428
35.27545182633831,12.686954752170557,72.29909435661534
38.37491372991386,11.965050833007325,2.9941451840166544
40.99910547674592,20.21829779162363,11.587298346598388
2.18968927194256,28.207176394459363,24.773061508226117
40.136769378161176,19.426239778900666,77.246349856661
40.17551274386467,11.180852627393019,82.13268184769179
36.76003529046497,11.692096188573046,71.67831743648138
38.02588027999593,15.199002865546902,94.31787184315446
37.152096100396385,17.847802060293795,31.947920705224536
40.94406205892577,26.116324750733533,0.46433209576337453
32.42489504791918,26.463617253750527,104.52844452076155
35.77057397516643,20.452556336530137,75.56495894006908
29.048269673163624,16.736250167223794,39.98755599468821
34.938635131626285,27.35841709763653,3.5499046917131305
29.091549716129464,22.743274177736417,91.44275181465
31.517395634094697,23.261452611441406,63.59021810296429
33.44351810000043,27.941607978252986,33.50503661504923
32.75934878741718,13.313013520133332,12.356569843872858
39.84618134152221,26.89465272911517,12.689317899914522
32.48023567997989,27.185460901301838,34.76066442157017
35.30827407951203,13.223083845050741,26.407387665744658
31.191605207221198,27.88457253671672,97.95549035891095
29.68648850997608,14.518658872121451,17.35679715037786
39.58345815880738,17.919255582134074,104.98524113175381
34.71359644648726,17.56495347367085,78.98904627811882
39.84446124667119,19.784532938376003,31.272510528174937
29.985631439552836,21.334635291092283,27.113238885678562
39.19366888345794,27.439161309411833,23.396746815399947
34.59388011226827,13.728522549194679,4.622157962285161
40.91924161868067,10.96587369363142,64.87082553646572
32.78301891782242,20.3047983186309,63.624014777710606
29.520217922704106,20.9848168344931,117.50400689963185
39.12685915988555,24.6191557293467,19.1924219709434
37.96457692053636,11.094080485638205,69.14503421362548
40.698449263306564,18.344665984080248,7.0227264283064095
33.451128478241245,18.6134555599837,87.82670981003034
37.65827454004974,21.972852396754533,17.878612464970356
37.30604006406062,13.103656085446563,59.90583283626804
31.370100939761453,18.409910995399013,41.32830034774601
40.207764007474076,24.868560267662737,129.76414352544487
31.643414845536007,23.665642849020685,20.497178534050988
33.37303794882514,12.912788032805501,28.76686062389745
36.303988156042195,13.35522402363029,9.56993929745103
36.121827137930524,26.959822554648465,6.742988625318864
30.454385892148895,16.39972604841499,51.981673974738804
30.040833938952108,22.91105785106162,58.0016640362931
37.75136868843855,21.669371373343477,119.93587275296005
38.01494401957866,27.53692978419033,19.738201399697758
38.0425611358557,15.03930420666667,108.9591241791399
33.52270033076337,16.752579295536023,97.05554800869997
36.291830193384726,28.215238606730114,129.4330444722877
40.82273914153761,16.215196616999364,113.22795065258718
39.24848976091617,20.57345220810525,39.389583177980086
36.884549252587234,27.021499079813463,80.98768103213338
40.37733780383238,14.766244860943273,0.8802606937178448
39.30034721355355,22.981038126641554,11.270274178740003
33.82027284571107,21.456508210639786,39.84436476068942
36.958266387844986,23.19091755298014,97.23978395924215
32.44291737783719,11.804539563206681,63.06048320672334
30.11481346293403,27.76264299023864,56.26204022362881
29.477137323364662,27.169080858285092,38.540784278010314
34.05814828313964,20.901147335040605,6.407664587744531
32.33038741270191,17.66572924728235,63.82836377206505
32.862229726585404,18.62269284638045,127.04064146283656
28.982965034021134,10.809040620403888,99.06609508956178
38.07155093516816,28.826984932121075,81.83020678327595
33.518362417870335,15.34651875214592,52.49631102041332
33.42149982086989,10.969836786735101,105.34556088580361
35.53455659671091,9.76949657662157,20.369297853986275
30.32693993949343,23.141249409778634,10.517815731354647
31.292408613467167,11.981509741409148,28.86283235744951
39.25737429850255,13.773163180877777,64.26613712958583
36.18872038799239,20.78783808760152,49.61327052846957
39.32445076247911,17.457601476112373,13.69640841921285
4.005285662280608,23.76404408277547,85.46144341483503
33.125532224098286,27.0315827826367,37.46931634242399
38.840479108702546,23.695814429509035,8.329378566862225
34.42309546051401,15.690036913732714,63.859796761186395
32.07223216893003,10.654221833613125,35.91839211593259
31.6312618390389,27.72292743702935,94.747845398867
35.594487640577,25.021002285636914,73.46319269990619
37.7325872846268,18.890864377418808,33.792777177891764
35.406819969322925,23.767665480801092,53.126175086555044
37.9185155321982,19.60446586031319,105.96634373124371
40.60153513926568,6.47308286590542,114.76153204857526
38.70148591388127,18.556779221834837,86.05916747832072
32.31595567740605,14.944866439325313,99.72376248476382
33.54790155794914,9.292807072161683,124.19903589938416
36.13670189482911,12.769692960087902,21.71872288196641
28.999280768506267,11.642828838513775,20.24508043471679
39.4512064283446,19.897537403274136,12.042877307252413
30.074172255870394,25.617648331101975,6.405972783144956
30.277881942269204,23.237414841446448,78.91509672255299
33.33720022169705,19.075323957746747,80.38511724633646
34.35796301818463,28.090225497358837,81.73045693479182
30.2295792723772,23.108339575993188,33.647368296747224
31.8844848553478,13.76862695383049,89.21832545458172
34.31484043895315,13.022421417770428,18.67433783989485
37.29447211197255,15.784863466797306,63.7806476921204
35.60061644859543,27.943157257928515,57.11408247126067
29.39372017266483,28.634032339372446,9.99394141189687
34.73245857947949,13.281415157771674,30.266920013774065
5.061294711076604,11.109786965790981,116.7663049428884
34.76796980893909,20.097848604685204,115.78713083787736
32.960031874433554,17.73974278600531,25.854779169526086
35.01273283087997,13.345167764969274,112.93444333811308
40.85981268483174,12.77065062645326,124.10376951922444
37.8601806185361,21.74011717199862,3.690486821973079
33.211335140461706,21.3250600337614,114.50434857202815
38.74336316418633,10.975393109140299,119.17605629948494
32.25070828605226,22.620164355507935,90.92323511223175
30.95599806407542,20.361867510579692,53.727488256314196
30.22504027539626,28.480937033458154,56.549744607269474
32.624527774178034,9.58432988046814,14.731984218683296
32.18279041414695,18.456852511998584,83.21135060859726
34.83925038460201,24.862020334614314,94.60828498613736
29.201781752679253,14.670481186411642,105.39415119309
36.97738224559355,24.097489804674083,44.69874364824325
40.60130423282777,23.44389714131209,25.342673164428255
37.01075010052851,24.38462280883494,56.899975554960584
32.876015917576055,13.778991519011972,77.71104176389002
36.992578015136125,19.47284715639414,109.44625811693749
32.444759990653694,17.494643698517166,58.99499609529581
36.9436320807468,21.078497785705235,3.163355013898277
40.16813436519449,23.413504292728227,84.51803655061205
29.800695614742416,19.99315896753799,45.35486202900622
36.26383339085735,10.65459237025831,5.534790875459964
37.95486344823519,24.827787556770964,90.47642305783435
30.773864578912494,21.617391566089346,47.71895109124831
30.584083092750923,28.481046346240955,56.504534859402256
39.39798053522266,10.628534049990066,29.27191502175576
39.18977617916184,20.067384909466146,11.702925184452251
35.14861908982414,22.512686441920714,115.6246182912934
